0 0.8046875 0.584375 0.18671875 0.23671875
0 0.6984375 0.4140625 0.16640625 0.228125
0 0.61796875 0.62890625 0.1734375 0.23515625
0 0.72109375 0.7984375 0.1546875 0.26953125
0 0.59296875 0.83671875 0.1328125 0.24140625
0 0.53359375 0.4734375 0.16796875 0.20703125
0 0.64765625 0.2359375 0.14375 0.1671875
0 0.80078125 0.21796875 0.1609375 0.21328125
0 0.940625 0.2640625 0.11796875 0.25
0 0.86875 0.43828125 0.17109375 0.2015625
0 0.85625 0.81875 0.15703125 0.24140625
0 0.72578125 0.93515625 0.1734375 0.1296875
0 0.5046875 0.3234375 0.1578125 0.17421875