0 0.2671875 0.55 0.1671875 0.209375
0 0.36328125 0.39921875 0.14921875 0.2015625
0 0.43515625 0.5890625 0.1546875 0.2078125
0 0.34296875 0.73984375 0.1390625 0.23828125
0 0.45703125 0.7734375 0.11875 0.2140625
0 0.51015625 0.4515625 0.15078125 0.18359375
0 0.40859375 0.24140625 0.128125 0.14765625
0 0.27109375 0.22578125 0.14375 0.1890625
0 0.12421875 0.27109375 0.15859375 0.21953125
0 0.2109375 0.4203125 0.153125 0.17890625
0 0.221875 0.75703125 0.140625 0.21328125
0 0.340625 0.89453125 0.15546875 0.1796875
0 0.5359375 0.31953125 0.14140625 0.1546875