0 0.28515625 0.575 0.18671875 0.23671875
0 0.3921875 0.4046875 0.16640625 0.228125
0 0.47265625 0.61953125 0.1734375 0.23515625
0 0.36953125 0.7890625 0.1546875 0.26953125
0 0.49765625 0.82734375 0.1328125 0.24140625
0 0.55625 0.4640625 0.16796875 0.20703125
0 0.44296875 0.2265625 0.14375 0.1671875
0 0.2890625 0.20859375 0.1609375 0.21328125
0 0.12421875 0.26015625 0.17734375 0.24765625
0 0.221875 0.42890625 0.17109375 0.2015625
0 0.234375 0.809375 0.15703125 0.24140625
0 0.36484375 0.93046875 0.1734375 0.1390625
0 0.58515625 0.31484375 0.1578125 0.17421875