0 0.49921875 0.80546875 0.12421875 0.08359375
0 0.67109375 0.803125 0.13203125 0.0890625
0 0.36484375 0.590625 0.08671875 0.0625
0 0.39921875 0.5359375 0.08125 0.05859375
0 0.30859375 0.54375 0.096875 0.071875
0 0.29140625 0.59765625 0.09375 0.0640625
0 0.2703125 0.653125 0.1 0.07265625
0 0.2125 0.61640625 0.1046875 0.0671875
0 0.20078125 0.67578125 0.09453125 0.06796875
0 0.2984375 0.70859375 0.09140625 0.0640625
0 0.35703125 0.665625 0.08515625 0.08359375
0 0.425 0.63515625 0.10078125 0.0625
0 0.428125 0.6828125 0.071875 0.0609375
0 0.365625 0.7234375 0.08046875 0.0671875
0 0.22109375 0.7296875 0.0953125 0.07890625
0 0.2828125 0.76328125 0.08046875 0.0578125
0 0.65390625 0.88046875 0.109375 0.08984375
0 0.79609375 0.66953125 0.0796875 0.0625
0 0.8578125 0.646875 0.0703125 0.0625
0 0.83984375 0.7078125 0.0796875 0.071875
0 0.80234375 0.621875 0.0828125 0.06171875
0 0.709375 0.60546875 0.09609375 0.06484375
0 0.753125 0.64609375 0.08203125 0.0671875
0 0.70625 0.6703125 0.06796875 0.059375
0 0.7828125 0.55078125 0.08828125 0.06484375
0 0.72421875 0.565625 0.07265625 0.0515625
0 0.75234375 0.5234375 0.0859375 0.0703125