0 0.5953125 0.32109375 0.10703125 0.14296875
0 0.578125 0.13203125 0.09765625 0.1078125
0 0.6828125 0.08515625 0.12109375 0.13984375
0 0.85859375 0.31875 0.09609375 0.1375
0 0.790625 0.3859375 0.09140625 0.115625
0 0.3578125 0.4953125 0.10234375 0.12578125
0 0.39296875 0.4125 0.10390625 0.0984375
0 0.37890625 0.30859375 0.09609375 0.13828125
0 0.5859375 0.4421875 0.10234375 0.14921875
0 0.51484375 0.4328125 0.13203125 0.14375
0 0.51015625 0.29609375 0.1078125 0.1265625
0 0.6609375 0.309375 0.1203125 0.115625
0 0.5953125 0.7765625 0.0953125 0.12421875
0 0.59375 0.87734375 0.0859375 0.134375
0 0.65390625 0.9328125 0.08203125 0.12265625
0 0.53671875 0.8625 0.09609375 0.1234375