0 0.20703125 0.2703125 0.065625 0.05078125
0 0.13203125 0.3078125 0.06640625 0.06484375
0 0.178125 0.325 0.04296875 0.06015625
0 0.46484375 0.31796875 0.05703125 0.0515625
0 0.51640625 0.32890625 0.05546875 0.05703125
0 0.5015625 0.38203125 0.04765625 0.071875
0 0.5359375 0.5640625 0.04921875 0.06640625
0 0.4953125 0.60078125 0.0546875 0.07890625
0 0.52421875 0.63125 0.046875 0.08515625
0 0.565625 0.61640625 0.05859375 0.071875
0 0.27265625 0.6953125 0.07265625 0.06875
0 0.55390625 0.74140625 0.04296875 0.1