0 0.22265625 0.45546875 0.2859375 0.459375
0 0.46640625 0.58671875 0.28203125 0.41015625
0 0.46875 0.3828125 0.2203125 0.2296875
0 0.35078125 0.14296875 0.26796875 0.2859375
0 0.08125 0.3890625 0.1625 0.38046875
0 0.07890625 0.75625 0.1578125 0.3546875
0 0.1484375 0.9015625 0.26953125 0.19609375
0 0.41484375 0.8796875 0.2859375 0.240625
0 0.590625 0.20703125 0.24375 0.290625
0 0.74453125 0.603125 0.17734375 0.246875
0 0.73125 0.8625 0.17578125 0.27109375
0 0.57734375 0.87578125 0.2109375 0.2484375
0 0.8015625 0.33515625 0.159375 0.23671875
0 0.7484375 0.0953125 0.1625 0.190625