0 0.4453125 0.26796875 0.08515625 0.0640625
0 0.609375 0.69375 0.10859375 0.0796875
0 0.16484375 0.65703125 0.0984375 0.06875
0 0.6984375 0.6390625 0.1015625 0.07109375
0 0.66015625 0.7515625 0.09296875 0.0671875
0 0.71953125 0.70625 0.11953125 0.06953125
0 0.6046875 0.63046875 0.084375 0.053125
0 0.24375 0.7 0.0984375 0.07265625
0 0.159375 0.73203125 0.11328125 0.08203125
0 0.08671875 0.67890625 0.08984375 0.0671875
0 0.0953125 0.61640625 0.09140625 0.08515625
0 0.1890625 0.60078125 0.0921875 0.0625