0 0.23203125 0.471875 0.27890625 0.44765625
0 0.4703125 0.59921875 0.275 0.4
0 0.47265625 0.40078125 0.215625 0.22421875
0 0.35703125 0.15390625 0.26171875 0.30546875
0 0.0875 0.40703125 0.175 0.3703125
0 0.084375 0.76484375 0.16875 0.34609375
0 0.16015625 0.90546875 0.26328125 0.1890625
0 0.41953125 0.884375 0.2796875 0.23125
0 0.5921875 0.2296875 0.23828125 0.28359375
0 0.7421875 0.61484375 0.1734375 0.24140625
0 0.73125 0.86640625 0.171875 0.2671875
0 0.578125 0.88046875 0.20546875 0.2390625
0 0.79765625 0.35390625 0.15546875 0.23046875
0 0.7453125 0.10703125 0.15859375 0.2140625