0 0.48359375 0.3921875 0.10546875 0.175
0 0.41328125 0.55078125 0.11484375 0.14375
0 0.21015625 0.64453125 0.11328125 0.21484375
0 0.2796875 0.81015625 0.1234375 0.2375
0 0.29140625 0.38515625 0.1046875 0.196875
0 0.31484375 0.56640625 0.1015625 0.18203125
0 0.38984375 0.703125 0.09140625 0.159375
0 0.46953125 0.66953125 0.0984375 0.18046875
0 0.39765625 0.85390625 0.1015625 0.22890625
0 0.1703125 0.7546875 0.1078125 0.17734375
0 0.13046875 0.57578125 0.12890625 0.1828125
0 0.2265625 0.4859375 0.08984375 0.165625
0 0.171875 0.3984375 0.13125 0.17109375
0 0.21796875 0.29140625 0.0984375 0.15859375
0 0.30859375 0.28046875 0.10703125 0.1578125
0 0.384375 0.403125 0.10625 0.196875
0 0.34921875 0.21640625 0.0953125 0.16796875
0 0.2125 0.17421875 0.0890625 0.1359375
0 0.11875 0.2421875 0.13046875 0.17109375