0 0.15859375 0.20078125 0.23046875 0.1421875
0 0.27421875 0.3578125 0.21015625 0.11640625
0 0.1546875 0.4109375 0.22890625 0.121875
0 0.4046875 0.834375 0.21484375 0.184375
0 0.51796875 0.7734375 0.15625 0.128125
0 0.76953125 0.68203125 0.209375 0.17109375
0 0.6375 0.63046875 0.1828125 0.1171875
0 0.5796875 0.525 0.21484375 0.1125
0 0.76953125 0.28359375 0.11015625 0.0671875
0 0.66796875 0.30390625 0.09921875 0.06171875
0 0.87734375 0.315625 0.09765625 0.08203125
0 0.14765625 0.93359375 0.1375 0.10703125
0 0.321875 0.26640625 0.2015625 0.128125