0 0.56640625 0.25546875 0.0875 0.065625
0 0.396875 0.6921875 0.11171875 0.08203125
0 0.8546875 0.6546875 0.10078125 0.07109375
0 0.30625 0.63671875 0.10390625 0.0734375
0 0.34453125 0.7515625 0.09609375 0.06875
0 0.284375 0.70546875 0.1234375 0.07109375
0 0.40234375 0.62734375 0.08671875 0.0546875
0 0.77421875 0.6984375 0.1015625 0.075
0 0.86015625 0.73203125 0.11640625 0.084375
0 0.9359375 0.6765625 0.0921875 0.06875
0 0.9265625 0.6125 0.09453125 0.0875
0 0.83046875 0.596875 0.0953125 0.0640625