0 0.46640625 0.1640625 0.21640625 0.1265625
0 0.42578125 0.515625 0.19375 0.125
0 0.5140625 0.4015625 0.21171875 0.11796875
0 0.28203125 0.45625 0.21875 0.12421875
0 0.31796875 0.5734375 0.19921875 0.13515625
0 0.4984375 0.60078125 0.17734375 0.128125
0 0.3546875 0.23984375 0.21953125 0.13671875
0 0.3421875 0.3578125 0.2109375 0.12734375
0 0.2328125 0.3796875 0.14765625 0.10546875
0 0.528125 0.27890625 0.18359375 0.13515625
0 0.64609375 0.15 0.20703125 0.1484375
0 0.45234375 0.0640625 0.18359375 0.12734375
0 0.703125 0.58046875 0.1625 0.12109375
0 0.66484375 0.6703125 0.140625 0.10625
0 0.54609375 0.75703125 0.17109375 0.12109375
0 0.828125 0.68203125 0.18125 0.11796875
0 0.859375 0.575 0.18984375 0.10703125
0 0.63359375 0.36328125 0.165625 0.1046875