0 0.18203125 0.228125 0.22265625 0.13671875
0 0.29296875 0.37890625 0.203125 0.1125
0 0.178125 0.43046875 0.22109375 0.1171875
0 0.41953125 0.8390625 0.20703125 0.17734375
0 0.528125 0.78046875 0.15078125 0.1234375
0 0.77109375 0.69140625 0.2015625 0.16484375
0 0.64296875 0.6421875 0.17578125 0.11328125
0 0.5875 0.540625 0.20703125 0.10859375
0 0.7703125 0.3078125 0.10625 0.06484375
0 0.67265625 0.32734375 0.0953125 0.059375
0 0.875 0.33828125 0.09453125 0.07890625
0 0.171875 0.934375 0.13203125 0.103125
0 0.3390625 0.29140625 0.19453125 0.1234375