0 0.39375 0.41328125 0.2140625 0.12890625
0 0.5703125 0.49453125 0.2171875 0.16171875
0 0.08203125 0.73125 0.1640625 0.14453125
0 0.36640625 0.5515625 0.209375 0.15078125
0 0.5109375 0.628125 0.22890625 0.1515625
0 0.20703125 0.64140625 0.171875 0.096875
0 0.2078125 0.76328125 0.17578125 0.13984375
0 0.06875 0.62734375 0.13671875 0.13359375
0 0.1046875 0.5609375 0.18515625 0.121875
0 0.0390625 0.2875 0.078125 0.12890625
0 0.1734375 0.11953125 0.15546875 0.10859375
0 0.0671875 0.1140625 0.134375 0.1140625
0 0.2 0.178125 0.15546875 0.08515625
0 0.75 0.82421875 0.2140625 0.12109375
0 0.5875 0.8390625 0.15859375 0.121875
0 0.6984375 0.9203125 0.225 0.121875
0 0.6328125 0.72265625 0.19453125 0.11328125
0 0.83828125 0.21640625 0.16484375 0.13046875
0 0.93046875 0.1953125 0.1390625 0.15