0 0.434375 0.38203125 0.16875 0.19765625
0 0.49765625 0.47421875 0.12890625 0.16875
0 0.62109375 0.4421875 0.14140625 0.20390625
0 0.628125 0.24375 0.1515625 0.22109375
0 0.51015625 0.19375 0.13671875 0.2234375
0 0.35703125 0.221875 0.1453125 0.225
0 0.25 0.31640625 0.1546875 0.20625
0 0.23515625 0.140625 0.13671875 0.2171875
0 0.3265625 0.06796875 0.15546875 0.1359375
0 0.40078125 0.12109375 0.134375 0.190625
0 0.37109375 0.5359375 0.1234375 0.14765625
0 0.45390625 0.59375 0.1625 0.18046875
0 0.58671875 0.5828125 0.14765625 0.21328125
0 0.69765625 0.596875 0.12890625 0.19609375
0 0.75234375 0.3796875 0.1859375 0.24609375
0 0.8828125 0.47890625 0.15390625 0.25859375
0 0.846875 0.04921875 0.20234375 0.09765625
0 0.96875 0.18515625 0.0625 0.2140625
0 0.28828125 0.81953125 0.1859375 0.1671875