0 0.4734375 0.72890625 0.11875 0.0796875
0 0.6375 0.72734375 0.12578125 0.08515625
0 0.34609375 0.52421875 0.0828125 0.059375
0 0.37890625 0.471875 0.07734375 0.05546875
0 0.29140625 0.4796875 0.09296875 0.06875
0 0.275 0.53125 0.0890625 0.0609375
0 0.25546875 0.58359375 0.0953125 0.06875
0 0.20078125 0.5484375 0.09921875 0.0640625
0 0.18984375 0.60546875 0.090625 0.06484375
0 0.2828125 0.63671875 0.08671875 0.0609375
0 0.33828125 0.5953125 0.08125 0.0796875
0 0.403125 0.5671875 0.09609375 0.06015625
0 0.40625 0.61171875 0.06875 0.05859375
0 0.346875 0.65078125 0.0765625 0.06484375
0 0.20859375 0.65625 0.090625 0.075
0 0.2671875 0.6890625 0.07734375 0.05546875
0 0.62109375 0.80078125 0.10390625 0.0859375
0 0.75703125 0.6 0.07578125 0.059375
0 0.815625 0.578125 0.0671875 0.06015625
0 0.79921875 0.6359375 0.07578125 0.06796875
0 0.7625 0.55390625 0.07890625 0.059375
0 0.67421875 0.5375 0.0921875 0.06171875
0 0.715625 0.5765625 0.078125 0.0640625
0 0.67109375 0.6 0.06484375 0.05703125
0 0.74453125 0.4859375 0.084375 0.06171875
0 0.68828125 0.5 0.06875 0.04921875
0 0.715625 0.459375 0.08203125 0.0671875