0 0.4328125 0.4640625 0.1765625 0.34296875
0 0.565625 0.625 0.1859375 0.36640625
0 0.4453125 0.23359375 0.18671875 0.303125
0 0.60703125 0.38359375 0.1890625 0.31640625
0 0.29921875 0.29296875 0.14609375 0.22109375
0 0.30859375 0.46015625 0.16015625 0.33125
0 0.41328125 0.71640625 0.18359375 0.3046875
0 0.10546875 0.09453125 0.1046875 0.1890625
0 0.20390625 0.06328125 0.1359375 0.12578125
0 0.165625 0.16953125 0.1078125 0.16953125
0 0.82265625 0.49921875 0.1484375 0.259375
0 0.86484375 0.709375 0.16015625 0.27578125
0 0.93828125 0.540625 0.1234375 0.26953125
0 0.75078125 0.3640625 0.14765625 0.25546875
0 0.93125 0.7890625 0.11953125 0.221875
0 0.7 0.52109375 0.0984375 0.17265625