0 0.37734375 0.09921875 0.1171875 0.1703125
0 0.36875 0.59453125 0.11484375 0.1796875
0 0.44140625 0.2140625 0.12734375 0.1953125
0 0.3375 0.2546875 0.10546875 0.1796875
0 0.4421875 0.38671875 0.11953125 0.14609375
0 0.46484375 0.521875 0.13828125 0.171875
0 0.4390625 0.68515625 0.1203125 0.17578125
0 0.3140625 0.715625 0.125 0.190625
0 0.27265625 0.5625 0.1015625 0.1609375
0 0.3328125 0.43125 0.12578125 0.1890625
0 0.25625 0.353125 0.08203125 0.1453125
0 0.18984375 0.6546875 0.115625 0.1609375
0 0.20859375 0.79921875 0.1015625 0.1671875
0 0.26875 0.93125 0.12421875 0.1375
0 0.11015625 0.790625 0.10625 0.1703125
0 0.140625 0.89609375 0.10546875 0.128125
0 0.0828125 0.646875 0.11484375 0.14453125
0 0.68359375 0.49921875 0.11796875 0.17890625
0 0.7671875 0.44140625 0.1234375 0.18671875
0 0.853125 0.33671875 0.1015625 0.1734375
0 0.840625 0.203125 0.109375 0.165625
0 0.84140625 0.5140625 0.13359375 0.19921875
0 0.75703125 0.6390625 0.1203125 0.20390625
0 0.7515625 0.7578125 0.09609375 0.1125
0 0.83046875 0.82421875 0.11953125 0.159375
0 0.7390625 0.884375 0.1078125 0.171875
0 0.665625 0.6234375 0.09140625 0.1296875