0 0.63125 0.19375 0.11953125 0.17421875
0 0.44609375 0.3203125 0.13046875 0.2421875
0 0.22578125 0.52109375 0.125 0.1609375
0 0.37265625 0.22578125 0.12578125 0.16171875
0 0.35 0.37578125 0.11875 0.22734375
0 0.56796875 0.10625 0.1640625 0.2125
0 0.7515625 0.2234375 0.1171875 0.19765625
0 0.67421875 0.3125 0.12265625 0.19921875
0 0.3578125 0.54453125 0.13671875 0.2015625
0 0.06796875 0.07421875 0.1109375 0.14765625
0 0.16015625 0.6515625 0.11796875 0.21953125
0 0.28984375 0.6515625 0.128125 0.203125
0 0.38359375 0.71953125 0.1203125 0.2125
0 0.4421875 0.83671875 0.11796875 0.2515625
0 0.3109375 0.79296875 0.10703125 0.13828125
0 0.2796875 0.909375 0.11875 0.18125
0 0.2015625 0.79921875 0.1390625 0.1796875
0 0.05859375 0.546875 0.08046875 0.1359375
0 0.68515625 0.5640625 0.140625 0.22734375
0 0.7375 0.49765625 0.10078125 0.2078125
0 0.778125 0.7359375 0.1265625 0.24921875
0 0.85625 0.75 0.10625 0.2234375