0 0.4390625 0.2953125 0.23203125 0.15625
0 0.440625 0.43046875 0.22109375 0.14140625
0 0.60703125 0.33046875 0.209375 0.1578125
0 0.265625 0.33046875 0.23515625 0.1703125
0 0.3140625 0.64921875 0.1546875 0.0921875
0 0.32734375 0.7484375 0.14765625 0.10859375
0 0.22109375 0.71875 0.14609375 0.07578125
0 0.83984375 0.5734375 0.12890625 0.08515625
0 0.89453125 0.63203125 0.1390625 0.09453125
0 0.8875 0.71796875 0.1484375 0.08984375
0 0.76796875 0.68984375 0.11953125 0.09609375
0 0.790625 0.74765625 0.10703125 0.06953125
0 0.83828125 0.17890625 0.11640625 0.05859375
0 0.93046875 0.18046875 0.1 0.071875
0 0.78359375 0.225 0.10390625 0.06015625
0 0.13984375 0.3140625 0.1125 0.0765625