0 0.5703125 0.446875 0.19609375 0.11796875
0 0.40859375 0.52109375 0.19921875 0.14765625
0 0.86875 0.73828125 0.171875 0.13203125
0 0.5953125 0.5734375 0.19140625 0.1375
0 0.46328125 0.64296875 0.21015625 0.13828125
0 0.74140625 0.65546875 0.15703125 0.08828125
0 0.740625 0.7671875 0.1609375 0.128125
0 0.8984375 0.64453125 0.184375 0.12265625
0 0.83515625 0.58203125 0.16953125 0.1109375
0 0.9296875 0.33203125 0.140625 0.11796875
0 0.771875 0.178125 0.1421875 0.09921875
0 0.88359375 0.17421875 0.1515625 0.10625
0 0.74765625 0.23125 0.14296875 0.078125
0 0.24375 0.82265625 0.19609375 0.1109375
0 0.39296875 0.83671875 0.1453125 0.11171875
0 0.29140625 0.91015625 0.20625 0.1109375
0 0.35078125 0.7296875 0.178125 0.10390625
0 0.1625 0.26640625 0.15078125 0.11953125
0 0.07265625 0.24921875 0.14140625 0.1375