0 0.5296875 0.73046875 0.0890625 0.1375
0 0.4921875 0.62578125 0.09453125 0.14296875
0 0.24453125 0.54609375 0.10078125 0.13515625
0 0.73984375 0.56015625 0.0765625 0.14140625
0 0.4984375 0.83046875 0.084375 0.1546875
0 0.1859375 0.65 0.09453125 0.17421875
0 0.15859375 0.52109375 0.090625 0.14140625
0 0.221875 0.4375 0.0984375 0.1171875
0 0.45703125 0.73984375 0.075 0.12265625
0 0.6046875 0.72109375 0.08671875 0.13671875
0 0.571875 0.8484375 0.1015625 0.1375
0 0.64375 0.6078125 0.084375 0.14453125
0 0.74921875 0.4640625 0.08515625 0.128125
0 0.8125 0.55234375 0.08515625 0.12421875
0 0.76796875 0.6703125 0.0859375 0.1109375
0 0.678125 0.30234375 0.0546875 0.0765625
0 0.62890625 0.33046875 0.06171875 0.08125
0 0.67421875 0.22265625 0.0625 0.09453125
0 0.26640625 0.3203125 0.06796875 0.0984375
0 0.30390625 0.32109375 0.04609375 0.08125
0 0.2109375 0.33828125 0.071875 0.11171875
0 0.1671875 0.2828125 0.07109375 0.0875