0 0.4171875 0.46953125 0.0890625 0.1609375
0 0.3640625 0.571875 0.12109375 0.1609375
0 0.44609375 0.64296875 0.1078125 0.1453125
0 0.49921875 0.44453125 0.0921875 0.1390625
0 0.29609375 0.3 0.096875 0.13828125
0 0.340625 0.18359375 0.05546875 0.1390625
0 0.5515625 0.165625 0.08125 0.14921875
0 0.47421875 0.14453125 0.1296875 0.14609375
0 0.61328125 0.08671875 0.0875 0.12734375
0 0.70625 0.1625 0.07265625 0.10625
0 0.775 0.1796875 0.08359375 0.103125
0 0.69921875 0.26953125 0.06171875 0.1265625
0 0.3296875 0.38046875 0.084375 0.1265625
0 0.28125 0.175 0.07421875 0.134375
0 0.225 0.2796875 0.09140625 0.12578125
0 0.253125 0.40234375 0.08125 0.1234375
0 0.18515625 0.45390625 0.103125 0.1125
0 0.10703125 0.4921875 0.07578125 0.09296875
0 0.1015625 0.43359375 0.0875 0.08359375
0 0.3640625 0.715625 0.10234375 0.17109375
0 0.4828125 0.58125 0.109375 0.15078125
0 0.50625 0.25234375 0.08828125 0.13203125
0 0.6 0.21328125 0.0828125 0.13828125
0 0.5203125 0.05234375 0.096875 0.1046875
0 0.77265625 0.30078125 0.08125 0.1328125
0 0.63359375 0.73984375 0.109375 0.16015625
0 0.73515625 0.77421875 0.11015625 0.1828125
0 0.6359375 0.8515625 0.109375 0.15078125
0 0.6296875 0.30625 0.07265625 0.11015625
0 0.3921875 0.2765625 0.0984375 0.1265625