0 0.59375 0.0703125 0.1296875 0.140625
0 0.603125 0.59375 0.1265625 0.1984375
0 0.5234375 0.1734375 0.140625 0.215625
0 0.6375 0.21875 0.115625 0.19765625
0 0.521875 0.3640625 0.13203125 0.1609375
0 0.496875 0.51328125 0.15234375 0.18984375
0 0.52578125 0.69375 0.1328125 0.19375
0 0.66328125 0.72734375 0.1375 0.21015625
0 0.70859375 0.55859375 0.1125 0.17734375
0 0.6421875 0.41328125 0.13828125 0.20859375
0 0.72734375 0.32734375 0.08984375 0.16015625
0 0.8 0.66015625 0.12734375 0.17734375
0 0.7796875 0.81953125 0.11171875 0.184375
0 0.7140625 0.94453125 0.13671875 0.1109375
0 0.88828125 0.81015625 0.1171875 0.18828125
0 0.8546875 0.9265625 0.11640625 0.140625
0 0.91796875 0.65078125 0.1265625 0.159375
0 0.25625 0.48828125 0.1296875 0.196875
0 0.1640625 0.42421875 0.1359375 0.20546875
0 0.06953125 0.309375 0.11171875 0.19140625
0 0.08359375 0.16171875 0.1203125 0.1828125
0 0.0828125 0.5046875 0.146875 0.21953125
0 0.17578125 0.6421875 0.13203125 0.225
0 0.18203125 0.7734375 0.10546875 0.12421875
0 0.09453125 0.846875 0.13203125 0.17578125
0 0.19609375 0.9078125 0.11875 0.18359375
0 0.27578125 0.62578125 0.10078125 0.14296875