0 0.42890625 0.490625 0.08515625 0.15390625
0 0.378125 0.58828125 0.11640625 0.15390625
0 0.45703125 0.65625 0.103125 0.13828125
0 0.5078125 0.4671875 0.08828125 0.13359375
0 0.3125 0.328125 0.0921875 0.13203125
0 0.35546875 0.2171875 0.053125 0.1328125
0 0.5578125 0.2 0.07734375 0.14296875
0 0.4828125 0.18046875 0.12421875 0.1390625
0 0.6171875 0.125 0.08359375 0.121875
0 0.70546875 0.196875 0.06953125 0.1015625
0 0.771875 0.21328125 0.0796875 0.0984375
0 0.6984375 0.29921875 0.059375 0.12109375
0 0.3453125 0.40546875 0.08046875 0.12109375
0 0.29921875 0.209375 0.07109375 0.12890625
0 0.24453125 0.30859375 0.0875 0.1203125
0 0.27109375 0.42578125 0.07734375 0.11796875
0 0.20703125 0.475 0.0984375 0.10703125
0 0.13125 0.5125 0.07265625 0.0890625
0 0.1265625 0.45546875 0.08359375 0.0796875
0 0.37734375 0.72578125 0.09765625 0.16328125
0 0.49140625 0.59765625 0.1046875 0.14453125
0 0.5140625 0.2828125 0.08515625 0.1265625
0 0.60390625 0.2453125 0.0796875 0.13203125
0 0.52890625 0.071875 0.0921875 0.14375
0 0.76953125 0.3296875 0.078125 0.12734375
0 0.6359375 0.74921875 0.1046875 0.153125
0 0.7328125 0.78125 0.10546875 0.175
0 0.63828125 0.85546875 0.1046875 0.14375
0 0.6328125 0.334375 0.06953125 0.10546875
0 0.4046875 0.30625 0.09453125 0.12109375