0 0.4015625 0.8125 0.0296875 0.06640625
0 0.45 0.8078125 0.0375 0.04921875
0 0.4296875 0.91015625 0.04140625 0.0609375
0 0.38828125 0.871875 0.03203125 0.06015625
0 0.32578125 0.59296875 0.034375 0.05
0 0.290625 0.63515625 0.03125 0.0671875
0 0.4046875 0.94453125 0.03515625 0.06640625
0 0.4359375 0.86640625 0.05234375 0.05703125
0 0.40546875 0.9859375 0.04296875 0.02734375
0 0.365625 0.96640625 0.03359375 0.0671875
0 0.2765625 0.6765625 0.03828125 0.06328125
0 0.3171875 0.6578125 0.034375 0.06953125
0 0.565625 0.52421875 0.03203125 0.04296875
0 0.51015625 0.53515625 0.0296875 0.0421875
0 0.5359375 0.52890625 0.0265625 0.04140625