0 0.45078125 0.275 0.23984375 0.16171875
0 0.45234375 0.4140625 0.22890625 0.14609375
0 0.62421875 0.3109375 0.215625 0.1625
0 0.271875 0.3109375 0.24296875 0.17578125
0 0.321875 0.63984375 0.16015625 0.09453125
0 0.33515625 0.74140625 0.15234375 0.11171875
0 0.22578125 0.71171875 0.15078125 0.078125
0 0.8640625 0.56171875 0.13359375 0.08828125
0 0.92109375 0.621875 0.14375 0.09765625
0 0.9140625 0.7109375 0.153125 0.09296875
0 0.78984375 0.68125 0.1234375 0.09921875
0 0.81328125 0.74140625 0.1109375 0.071875
0 0.8625 0.15390625 0.11953125 0.0609375
0 0.95234375 0.1546875 0.0953125 0.07578125
0 0.80703125 0.2015625 0.10703125 0.06171875
0 0.1421875 0.29375 0.11640625 0.0796875