0 0.55859375 0.75859375 0.09765625 0.15078125
0 0.51796875 0.64453125 0.10390625 0.15625
0 0.246875 0.55703125 0.11015625 0.14765625
0 0.7890625 0.57265625 0.08359375 0.1546875
0 0.525 0.86796875 0.0921875 0.16875
0 0.1828125 0.6703125 0.103125 0.18984375
0 0.15390625 0.5296875 0.0984375 0.1546875
0 0.2234375 0.4390625 0.10703125 0.128125
0 0.48046875 0.76875 0.08125 0.134375
0 0.64140625 0.7484375 0.09453125 0.15
0 0.6046875 0.88828125 0.1109375 0.15078125
0 0.68359375 0.62421875 0.0921875 0.1578125
0 0.7984375 0.4671875 0.09296875 0.140625
0 0.86796875 0.5640625 0.09296875 0.1359375
0 0.81953125 0.69296875 0.09375 0.121875
0 0.72109375 0.28984375 0.06015625 0.084375
0 0.6671875 0.32109375 0.0671875 0.0890625
0 0.7171875 0.20390625 0.06875 0.10390625
0 0.271875 0.31015625 0.075 0.1078125
0 0.3125 0.31171875 0.05 0.08828125
0 0.2109375 0.3296875 0.07890625 0.121875
0 0.16328125 0.26875 0.078125 0.0953125