0 0.8734375 0.2046875 0.24140625 0.1484375
0 0.75234375 0.36875 0.2203125 0.121875
0 0.87734375 0.425 0.23984375 0.12734375
0 0.615625 0.86796875 0.225 0.19296875
0 0.496875 0.80390625 0.1640625 0.134375
0 0.23359375 0.7078125 0.21875 0.17890625
0 0.371875 0.6546875 0.19140625 0.12265625
0 0.43203125 0.54375 0.225 0.11796875
0 0.23359375 0.29140625 0.115625 0.0703125
0 0.33984375 0.3125 0.10390625 0.0640625
0 0.1203125 0.325 0.10234375 0.0859375
0 0.8859375 0.95703125 0.14375 0.0859375
0 0.70234375 0.2734375 0.2109375 0.13359375