0 0.51640625 0.56640625 0.06015625 0.08828125
0 0.253125 0.678125 0.05546875 0.0875
0 0.32109375 0.65625 0.065625 0.09140625
0 0.29453125 0.74921875 0.05859375 0.09453125
0 0.234375 0.76484375 0.0625 0.0984375
0 0.2140625 0.6453125 0.06171875 0.08515625
0 0.17890625 0.71875 0.06640625 0.1015625
0 0.28203125 0.38828125 0.0390625 0.0578125
0 0.30859375 0.440625 0.03515625 0.06796875
0 0.35078125 0.43515625 0.04453125 0.078125
0 0.38828125 0.4140625 0.03828125 0.06484375
0 0.39921875 0.46015625 0.03515625 0.059375
0 0.36953125 0.36484375 0.04375 0.05078125
0 0.3203125 0.38828125 0.046875 0.05546875
0 0.328125 0.34375 0.04765625 0.05234375
0 0.2890625 0.35234375 0.03515625 0.046875
0 0.2375 0.371875 0.0421875 0.06171875
0 0.5796875 0.534375 0.06484375 0.08671875
0 0.5625 0.61953125 0.059375 0.09921875
0 0.525 0.66484375 0.0546875 0.09140625
0 0.47890625 0.6015625 0.05859375 0.0890625
0 0.453125 0.53828125 0.06796875 0.0890625
0 0.496875 0.51328125 0.05390625 0.08203125
0 0.47265625 0.46484375 0.059375 0.078125
0 0.74375 0.49453125 0.03984375 0.065625
0 0.74609375 0.54609375 0.03125 0.05625
0 0.7828125 0.55859375 0.0453125 0.07578125
0 0.684375 0.44609375 0.03828125 0.0515625
0 0.7046875 0.4828125 0.03203125 0.04921875
0 0.6609375 0.49609375 0.0375 0.0515625
0 0.65390625 0.44296875 0.0328125 0.040625
0 0.8046875 0.49609375 0.040625 0.0625
0 0.628125 0.49609375 0.034375 0.05078125
0 0.64296875 0.78828125 0.0390625 0.06796875
0 0.67578125 0.81796875 0.05078125 0.06875
0 0.6328125 0.7109375 0.0484375 0.08671875
0 0.66015625 0.7578125 0.04765625 0.0546875