0 0.50390625 0.8296875 0.23359375 0.340625
0 0.646875 0.565625 0.2046875 0.21484375
0 0.71484375 0.75390625 0.2796875 0.26953125
0 0.38203125 0.69296875 0.19296875 0.26640625
0 0.8328125 0.88984375 0.334375 0.2203125
0 0.92890625 0.78046875 0.14140625 0.24296875
0 0.86171875 0.6609375 0.2453125 0.22109375
0 0.784375 0.55 0.15546875 0.146875
0 0.8890625 0.496875 0.19296875 0.20390625
0 0.42734375 0.50703125 0.171875 0.24296875
0 0.27890625 0.56015625 0.1890625 0.26484375
0 0.2890625 0.365625 0.1625 0.19609375
0 0.4671875 0.359375 0.1796875 0.20234375
0 0.5890625 0.3203125 0.15078125 0.215625
0 0.6375 0.46796875 0.15078125 0.13125