0 0.3984375 0.41796875 0.15234375 0.178125
0 0.45546875 0.5015625 0.1171875 0.15234375
0 0.5671875 0.47265625 0.128125 0.184375
0 0.5734375 0.29296875 0.13671875 0.2
0 0.4671875 0.2484375 0.12421875 0.2015625
0 0.328125 0.2734375 0.13203125 0.203125
0 0.23125 0.35859375 0.13984375 0.1859375
0 0.21796875 0.2 0.1234375 0.1953125
0 0.3015625 0.11484375 0.14140625 0.16328125
0 0.36796875 0.1828125 0.121875 0.171875
0 0.34140625 0.55703125 0.11171875 0.1328125
0 0.415625 0.60859375 0.14765625 0.16328125
0 0.5359375 0.59921875 0.134375 0.1921875
0 0.6359375 0.61171875 0.11640625 0.17734375
0 0.6859375 0.415625 0.16796875 0.221875
0 0.80390625 0.50546875 0.13984375 0.23359375
0 0.771875 0.08671875 0.1828125 0.153125
0 0.90859375 0.24296875 0.1046875 0.1921875
0 0.265625 0.81328125 0.16875 0.15078125