0 0.35234375 0.43984375 0.06953125 0.09609375
0 0.58046875 0.47734375 0.05390625 0.0796875
0 0.32265625 0.24453125 0.05703125 0.0921875
0 0.32265625 0.37734375 0.06328125 0.09765625
0 0.31640625 0.465625 0.046875 0.10078125
0 0.59375 0.53515625 0.0671875 0.0734375
0 0.53984375 0.509375 0.0546875 0.084375
0 0.54296875 0.4359375 0.05234375 0.07109375
0 0.60234375 0.37109375 0.0625 0.0734375
0 0.54921875 0.315625 0.05390625 0.084375
0 0.58828125 0.30078125 0.0453125 0.0640625
0 0.43984375 0.17421875 0.0578125 0.09375
0 0.43046875 0.2390625 0.04765625 0.0875
0 0.35546875 0.28359375 0.05 0.0859375
0 0.28125 0.28515625 0.05625 0.0984375
0 0.49609375 0.20546875 0.05703125 0.09375
0 0.38203125 0.56953125 0.0515625 0.0765625