0 0.16328125 0.4453125 0.140625 0.11015625
0 0.246875 0.53125 0.153125 0.11484375
0 0.5953125 0.19296875 0.078125 0.05703125
0 0.6359375 0.225 0.09296875 0.071875
0 0.5484375 0.1421875 0.096875 0.05234375
0 0.4875 0.24765625 0.09921875 0.05703125
0 0.34453125 0.4859375 0.13046875 0.096875
0 0.61484375 0.6390625 0.1046875 0.0640625
0 0.71875 0.6375 0.1109375 0.06796875
0 0.6859375 0.58203125 0.09453125 0.0671875
0 0.74375 0.678125 0.10234375 0.06328125
0 0.65859375 0.70859375 0.1109375 0.07265625
0 0.72109375 0.74453125 0.1109375 0.0625
0 0.61640625 0.74921875 0.08515625 0.05625
0 0.6796875 0.78828125 0.090625 0.06015625