0 0.378125 0.43828125 0.0984375 0.06328125
0 0.75625 0.5828125 0.0734375 0.05390625
0 0.73046875 0.61796875 0.0671875 0.06484375
0 0.41953125 0.40390625 0.08203125 0.05859375
0 0.44453125 0.4609375 0.0875 0.06796875
0 0.475 0.43359375 0.08046875 0.0515625
0 0.78828125 0.5515625 0.075 0.04375
0 0.1890625 0.55625 0.0796875 0.04765625
0 0.10625 0.56875 0.0796875 0.06328125
0 0.353125 0.48125 0.0875 0.06484375
0 0.38515625 0.3109375 0.06171875 0.046875
0 0.40546875 0.2703125 0.06171875 0.0515625
0 0.34453125 0.27734375 0.07421875 0.0546875
0 0.36796875 0.3734375 0.07578125 0.05078125
0 0.3296875 0.41640625 0.08046875 0.05703125