0 0.4046875 0.4359375 0.1390625 0.09375
0 0.51796875 0.3859375 0.1109375 0.0828125
0 0.48203125 0.7234375 0.17734375 0.1296875
0 0.421875 0.84140625 0.2171875 0.12734375
0 0.44921875 0.93671875 0.24453125 0.12578125
0 0.04140625 0.8828125 0.0828125 0.11171875
0 0.0734375 0.8046875 0.14609375 0.1171875
0 0.0765625 0.70390625 0.128125 0.115625
0 0.23203125 0.72265625 0.146875 0.109375
0 0.71171875 0.75 0.23671875 0.1234375
0 0.7375 0.8234375 0.21484375 0.0984375
0 0.59375 0.93125 0.190625 0.1375
0 0.571875 0.81171875 0.196875 0.1359375
0 0.18828125 0.82421875 0.140625 0.11875
0 0.09140625 0.9109375 0.15078125 0.11171875
0 0.9140625 0.7109375 0.15859375 0.1078125
0 0.9125 0.80625 0.175 0.134375
0 0.8953125 0.89453125 0.17265625 0.11484375
0 0.34453125 0.253125 0.12890625 0.08125
0 0.24375 0.2875 0.11640625 0.08828125
0 0.509375 0.44375 0.1171875 0.08359375
0 0.42734375 0.36171875 0.09296875 0.06328125
0 0.328125 0.365625 0.10234375 0.0640625
0 0.48046875 0.315625 0.0890625 0.06953125