0 0.59921875 0.4265625 0.15625 0.1828125
0 0.540625 0.51171875 0.11953125 0.15625
0 0.4265625 0.48203125 0.13125 0.1890625
0 0.41953125 0.29765625 0.13984375 0.2046875
0 0.52890625 0.2515625 0.1265625 0.20625
0 0.67109375 0.278125 0.13515625 0.2078125
0 0.7703125 0.365625 0.14296875 0.190625
0 0.784375 0.203125 0.1265625 0.20078125
0 0.6984375 0.115625 0.14453125 0.16796875
0 0.63046875 0.184375 0.125 0.1765625
0 0.6578125 0.56875 0.11484375 0.1359375
0 0.58125 0.621875 0.15078125 0.1671875
0 0.45859375 0.61171875 0.1375 0.19765625
0 0.35546875 0.625 0.11953125 0.18125
0 0.3046875 0.4234375 0.171875 0.228125
0 0.18359375 0.515625 0.14296875 0.2390625
0 0.2171875 0.08671875 0.1875 0.15703125
0 0.0765625 0.24609375 0.1078125 0.196875
0 0.734375 0.83125 0.17265625 0.1546875