0 0.6328125 0.44453125 0.10859375 0.0703125
0 0.2125 0.60390625 0.08125 0.06015625
0 0.24140625 0.64296875 0.075 0.07109375
0 0.5859375 0.40703125 0.090625 0.0640625
0 0.55859375 0.46953125 0.096875 0.075
0 0.525 0.4390625 0.08984375 0.05703125
0 0.17734375 0.56953125 0.08359375 0.0484375
0 0.8421875 0.575 0.08828125 0.05234375
0 0.93359375 0.58828125 0.08828125 0.0703125
0 0.66015625 0.4921875 0.096875 0.07109375
0 0.62421875 0.303125 0.06875 0.0515625
0 0.60234375 0.25859375 0.06875 0.05703125
0 0.66953125 0.2671875 0.08203125 0.0609375
0 0.64375 0.3734375 0.084375 0.05625
0 0.6859375 0.4203125 0.0890625 0.0625