0 0.4984375 0.5515625 0.06015625 0.08828125
0 0.23515625 0.66328125 0.05546875 0.0875
0 0.30234375 0.640625 0.065625 0.09140625
0 0.27578125 0.734375 0.05859375 0.09453125
0 0.215625 0.74921875 0.0625 0.0984375
0 0.19609375 0.63046875 0.06171875 0.08515625
0 0.1609375 0.70390625 0.06640625 0.1015625
0 0.26328125 0.37265625 0.0390625 0.0578125
0 0.28984375 0.425 0.03515625 0.06796875
0 0.33203125 0.4203125 0.04453125 0.078125
0 0.36953125 0.3984375 0.03828125 0.06484375
0 0.38125 0.44453125 0.03515625 0.059375
0 0.35078125 0.35 0.04375 0.05078125
0 0.30234375 0.3734375 0.046875 0.05546875
0 0.309375 0.32890625 0.04765625 0.05234375
0 0.2703125 0.3375 0.03515625 0.046875
0 0.21875 0.35703125 0.0421875 0.06171875
0 0.56171875 0.51953125 0.06484375 0.08671875
0 0.54375 0.6046875 0.059375 0.09921875
0 0.50625 0.64921875 0.0546875 0.09140625
0 0.4609375 0.5859375 0.05859375 0.0890625
0 0.43515625 0.5234375 0.06796875 0.0890625
0 0.478125 0.49765625 0.05390625 0.08203125
0 0.45390625 0.45 0.059375 0.078125
0 0.725 0.47890625 0.03984375 0.065625
0 0.72734375 0.53125 0.03125 0.05625
0 0.7640625 0.54375 0.0453125 0.07578125
0 0.665625 0.43046875 0.03828125 0.0515625
0 0.6859375 0.46796875 0.03203125 0.04921875
0 0.64296875 0.48125 0.0375 0.0515625
0 0.63515625 0.428125 0.0328125 0.040625
0 0.78671875 0.48046875 0.040625 0.0625
0 0.609375 0.48046875 0.034375 0.05078125
0 0.625 0.7734375 0.0390625 0.06796875
0 0.65703125 0.803125 0.05078125 0.06875
0 0.6140625 0.69609375 0.0484375 0.08671875
0 0.64140625 0.7421875 0.04765625 0.0546875