0 0.5078125 0.55234375 0.05859375 0.0859375
0 0.2515625 0.6609375 0.0546875 0.08515625
0 0.3171875 0.6390625 0.0640625 0.0890625
0 0.29140625 0.7296875 0.05703125 0.0921875
0 0.2328125 0.74453125 0.0609375 0.0953125
0 0.2140625 0.62890625 0.06015625 0.0828125
0 0.1796875 0.7 0.06484375 0.0984375
0 0.2796875 0.37890625 0.03828125 0.05625
0 0.30546875 0.4296875 0.03359375 0.065625
0 0.34609375 0.425 0.04296875 0.07578125
0 0.3828125 0.40390625 0.03671875 0.06328125
0 0.39375 0.44921875 0.034375 0.0578125
0 0.36484375 0.35703125 0.04296875 0.04921875
0 0.3171875 0.37890625 0.04609375 0.05390625
0 0.32421875 0.3359375 0.046875 0.05078125
0 0.28671875 0.34453125 0.034375 0.0453125
0 0.2359375 0.3640625 0.04140625 0.06015625
0 0.56953125 0.52109375 0.06328125 0.084375
0 0.55234375 0.60390625 0.0578125 0.096875
0 0.515625 0.64765625 0.053125 0.08828125
0 0.471875 0.5859375 0.05703125 0.08671875
0 0.44609375 0.525 0.06640625 0.0859375
0 0.48828125 0.50078125 0.05234375 0.0796875
0 0.465625 0.45390625 0.0578125 0.07578125
0 0.72890625 0.48203125 0.0390625 0.06328125
0 0.73125 0.5328125 0.03046875 0.0546875
0 0.7671875 0.54453125 0.04453125 0.0734375
0 0.67109375 0.43515625 0.0375 0.05
0 0.69140625 0.47109375 0.03125 0.04765625
0 0.64921875 0.484375 0.03671875 0.05
0 0.64140625 0.4328125 0.03203125 0.0390625
0 0.7890625 0.48359375 0.03984375 0.0609375
0 0.61640625 0.48359375 0.03359375 0.04921875
0 0.63125 0.7671875 0.0375 0.06640625
0 0.6625 0.796875 0.04921875 0.0671875
0 0.62109375 0.69296875 0.046875 0.08359375
0 0.64765625 0.7375 0.04609375 0.053125