0 0.57109375 0.45 0.1984375 0.11875
0 0.4078125 0.525 0.20078125 0.1484375
0 0.87265625 0.74296875 0.1734375 0.1328125
0 0.59609375 0.5765625 0.19375 0.13828125
0 0.4625 0.64765625 0.21171875 0.1390625
0 0.74375 0.659375 0.15859375 0.0890625
0 0.74296875 0.771875 0.1625 0.12890625
0 0.90234375 0.6484375 0.1859375 0.1234375
0 0.83828125 0.5859375 0.17109375 0.11171875
0 0.93125 0.33359375 0.13671875 0.11875
0 0.775 0.1796875 0.14375 0.1
0 0.8875 0.175 0.15234375 0.10703125
0 0.75 0.2328125 0.14375 0.07890625
0 0.24140625 0.828125 0.1984375 0.11171875
0 0.3921875 0.8421875 0.146875 0.1125
0 0.2890625 0.91640625 0.2078125 0.11171875
0 0.34921875 0.73515625 0.1796875 0.1046875
0 0.159375 0.26875 0.15234375 0.1203125
0 0.06953125 0.25 0.1390625 0.13828125