0 0.82265625 0.4796875 0.20234375 0.134375
0 0.515625 0.77734375 0.1703125 0.1171875
0 0.33671875 0.42578125 0.18203125 0.10390625
0 0.78515625 0.60390625 0.18984375 0.13984375
0 0.46484375 0.36796875 0.1546875 0.11015625
0 0.6078125 0.2140625 0.128125 0.0875
0 0.64921875 0.2671875 0.10390625 0.08125
0 0.5328125 0.21640625 0.115625 0.08671875
0 0.55234375 0.61640625 0.16484375 0.1109375
0 0.47734375 0.68125 0.18359375 0.11875
0 0.634375 0.6984375 0.1640625 0.090625
0 0.64296875 0.79375 0.1578125 0.13671875
0 0.51796875 0.86875 0.18046875 0.09921875
0 0.38671875 0.77734375 0.16328125 0.1234375
0 0.71640625 0.5625 0.153125 0.11328125
0 0.91953125 0.5640625 0.1609375 0.153125
0 0.9078125 0.6734375 0.184375 0.13359375