0 0.4484375 0.4359375 0.12890625 0.08671875
0 0.553125 0.3890625 0.10234375 0.0765625
0 0.5203125 0.7015625 0.1640625 0.11953125
0 0.46484375 0.81015625 0.20078125 0.1171875
0 0.4890625 0.909375 0.22578125 0.1359375
0 0.075 0.84921875 0.15 0.103125
0 0.1296875 0.7765625 0.15703125 0.10859375
0 0.14453125 0.68359375 0.11875 0.10703125
0 0.2890625 0.70078125 0.1359375 0.1015625
0 0.7328125 0.72578125 0.21953125 0.1140625
0 0.75703125 0.79375 0.19921875 0.090625
0 0.621875 0.8953125 0.17578125 0.1296875
0 0.603125 0.78359375 0.1828125 0.12578125
0 0.2484375 0.79453125 0.13046875 0.109375
0 0.15859375 0.875 0.13984375 0.103125
0 0.92109375 0.68984375 0.146875 0.1
0 0.91875 0.778125 0.1625 0.12421875
0 0.903125 0.859375 0.16015625 0.10625
0 0.39296875 0.2671875 0.11953125 0.075
0 0.3 0.29921875 0.1078125 0.08125
0 0.54609375 0.44375 0.10859375 0.07734375
0 0.46953125 0.3671875 0.08671875 0.05859375
0 0.378125 0.37109375 0.0953125 0.05859375
0 0.51875 0.325 0.08203125 0.0640625