0 0.51875 0.1890625 0.22578125 0.13203125
0 0.5609375 0.55625 0.2015625 0.13046875
0 0.46953125 0.43671875 0.22109375 0.1234375
0 0.7109375 0.49375 0.228125 0.12890625
0 0.67421875 0.615625 0.2078125 0.14140625
0 0.4859375 0.64453125 0.18515625 0.13359375
0 0.63515625 0.26875 0.22890625 0.14296875
0 0.6484375 0.39140625 0.2203125 0.1328125
0 0.7625 0.4140625 0.15390625 0.11015625
0 0.4546875 0.30859375 0.19140625 0.14140625
0 0.33125 0.175 0.215625 0.1546875
0 0.5359375 0.08359375 0.1921875 0.1359375
0 0.271875 0.6234375 0.16953125 0.1265625
0 0.31171875 0.7171875 0.14609375 0.1109375
0 0.4359375 0.8078125 0.17890625 0.1265625
0 0.14140625 0.7296875 0.1890625 0.1234375
0 0.10859375 0.6171875 0.19765625 0.11171875
0 0.34453125 0.39765625 0.1734375 0.109375