0 0.4734375 0.27734375 0.3109375 0.2484375
0 0.42421875 0.53984375 0.2921875 0.2515625
0 0.73046875 0.54453125 0.271875 0.19296875
0 0.85390625 0.08671875 0.2796875 0.1734375
0 0.9 0.28359375 0.2 0.190625
0 0.2546875 0.10078125 0.421875 0.2015625
0 0.59921875 0.065625 0.2390625 0.13125
0 0.1890625 0.61171875 0.2546875 0.22578125
0 0.18203125 0.8390625 0.240625 0.25
0 0.275 0.39296875 0.26953125 0.21953125
0 0.67734375 0.2109375 0.31640625 0.215625
0 0.903125 0.44765625 0.19375 0.2015625
0 0.64921875 0.6875 0.26484375 0.17578125
0 0.90078125 0.82890625 0.1984375 0.1546875
0 0.7765625 0.89140625 0.20390625 0.1734375
0 0.39296875 0.875 0.2578125 0.225
0 0.58203125 0.834375 0.21015625 0.153125
0 0.64140625 0.92734375 0.2046875 0.14453125
0 0.084375 0.1921875 0.16796875 0.36640625
0 0.04375 0.62890625 0.0875 0.2328125