0 0.47421875 0.49921875 0.196875 0.3828125
0 0.62265625 0.678125 0.20703125 0.40859375
0 0.48828125 0.24140625 0.2078125 0.33828125
0 0.66875 0.409375 0.2109375 0.353125
0 0.32578125 0.3078125 0.1625 0.246875
0 0.33671875 0.49453125 0.178125 0.3703125
0 0.45234375 0.78046875 0.20390625 0.340625
0 0.109375 0.09609375 0.11640625 0.19140625
0 0.21875 0.06015625 0.15078125 0.1203125
0 0.17734375 0.1703125 0.11953125 0.1890625
0 0.9078125 0.5375 0.165625 0.2890625
0 0.9328125 0.77109375 0.134375 0.30859375
0 0.98359375 0.5828125 0.0328125 0.3015625
0 0.828125 0.3875 0.1640625 0.2859375
0 0.98046875 0.859375 0.0390625 0.246875
0 0.771875 0.5625 0.109375 0.1921875