0 0.19453125 0.4421875 0.090625 0.1359375
0 0.6515625 0.6953125 0.11640625 0.153125
0 0.3203125 0.2703125 0.10234375 0.15078125
0 0.234375 0.31640625 0.10078125 0.14453125
0 0.28515625 0.4125 0.1046875 0.140625
0 0.3421875 0.38125 0.08984375 0.13046875
0 0.25703125 0.53359375 0.10546875 0.13125
0 0.3296875 0.5125 0.084375 0.13515625
0 0.175 0.55546875 0.09765625 0.1375
0 0.25625 0.628125 0.09140625 0.115625
0 0.1125 0.52578125 0.09609375 0.14296875
0 0.5890625 0.59765625 0.140625 0.16328125
0 0.72890625 0.7828125 0.13515625 0.1640625
0 0.68828125 0.846875 0.1171875 0.140625
0 0.6015625 0.7890625 0.121875 0.1484375
0 0.55859375 0.67734375 0.09140625 0.09921875
0 0.58828125 0.4640625 0.1234375 0.13984375
0 0.78828125 0.2359375 0.09296875 0.121875
0 0.84375 0.29453125 0.084375 0.11484375
0 0.84375 0.19453125 0.0859375 0.10625
0 0.9109375 0.278125 0.08359375 0.15078125
0 0.728125 0.23515625 0.06953125 0.09375
0 0.75390625 0.29453125 0.10546875 0.09609375