0 0.7671875 0.46953125 0.27578125 0.44140625
0 0.5328125 0.5953125 0.271875 0.39375
0 0.53046875 0.39921875 0.2125 0.22109375
0 0.64453125 0.15703125 0.2578125 0.30078125
0 0.9125 0.40546875 0.175 0.36484375
0 0.915625 0.75859375 0.16875 0.33984375
0 0.840625 0.90234375 0.26015625 0.19453125
0 0.58359375 0.88125 0.2765625 0.2375
0 0.4125 0.23125 0.23515625 0.27890625
0 0.2640625 0.6109375 0.17109375 0.2375
0 0.27734375 0.86015625 0.16953125 0.2609375
0 0.428125 0.878125 0.20234375 0.24375
0 0.209375 0.353125 0.153125 0.22734375
0 0.2625 0.10859375 0.15625 0.2171875