0 0.38125 0.4140625 0.10390625 0.0671875
0 0.78125 0.56640625 0.078125 0.05703125
0 0.75390625 0.60390625 0.07109375 0.06796875
0 0.42578125 0.378125 0.08671875 0.06171875
0 0.45234375 0.43828125 0.0921875 0.071875
0 0.48359375 0.409375 0.08515625 0.0546875
0 0.81484375 0.53359375 0.0796875 0.04609375
0 0.18203125 0.53828125 0.084375 0.05
0 0.09453125 0.5515625 0.08359375 0.0671875
0 0.35546875 0.46015625 0.0921875 0.06796875
0 0.3890625 0.2796875 0.065625 0.04921875
0 0.41015625 0.23671875 0.065625 0.0546875
0 0.34609375 0.24453125 0.078125 0.0578125
0 0.3703125 0.34609375 0.08046875 0.05390625
0 0.33046875 0.39140625 0.08515625 0.06015625