0 0.7546875 0.53046875 0.1328125 0.19140625
0 0.3421875 0.4484375 0.1 0.15546875
0 0.6796875 0.6296875 0.11875 0.17109375
0 0.8421875 0.6890625 0.11953125 0.17265625
0 0.86640625 0.54609375 0.14375 0.1578125
0 0.39296875 0.34375 0.10546875 0.14921875
0 0.40234375 0.50078125 0.0921875 0.1390625
0 0.45390625 0.41875 0.10234375 0.15390625
0 0.42265625 0.56640625 0.09453125 0.10703125
0 0.20078125 0.34140625 0.07109375 0.09453125
0 0.2796875 0.3390625 0.109375 0.14921875
0 0.75859375 0.728125 0.11015625 0.16484375
0 0.9046875 0.64921875 0.0875 0.16484375