0 0.53203125 0.55859375 0.10234375 0.16171875
0 0.45859375 0.62734375 0.0953125 0.15078125
0 0.2671875 0.73515625 0.10234375 0.17421875
0 0.6859375 0.46328125 0.0875 0.1328125
0 0.75390625 0.378125 0.09140625 0.14765625
0 0.7890625 0.28125 0.0890625 0.140625
0 0.65703125 0.2578125 0.1015625 0.13671875
0 0.65078125 0.37265625 0.09765625 0.1234375
0 0.61484375 0.478125 0.0796875 0.12265625
0 0.653125 0.59296875 0.0921875 0.140625
0 0.73125 0.58046875 0.1 0.14453125
0 0.753125 0.68046875 0.0984375 0.13984375
0 0.7078125 0.75703125 0.10078125 0.1390625
0 0.75 0.83984375 0.09921875 0.153125
0 0.8078125 0.7078125 0.0671875 0.15
0 0.8421875 0.634375 0.0828125 0.14765625
0 0.821875 0.3796875 0.0875 0.13671875
0 0.5015625 0.71640625 0.09140625 0.16171875
0 0.53125 0.45 0.08828125 0.10703125
0 0.50234375 0.365625 0.078125 0.1125
0 0.3703125 0.4734375 0.084375 0.16328125
0 0.35234375 0.41015625 0.0921875 0.09375
0 0.2421875 0.4953125 0.09140625 0.14921875
0 0.2765625 0.61328125 0.1078125 0.153125
0 0.1953125 0.6390625 0.10390625 0.1609375
0 0.1875 0.50078125 0.09140625 0.15