0 0.54375 0.20234375 0.2046875 0.1203125
0 0.58203125 0.5359375 0.1828125 0.11875
0 0.49921875 0.428125 0.20078125 0.1125
0 0.71875 0.4796875 0.20703125 0.1171875
0 0.684375 0.590625 0.18828125 0.128125
0 0.5140625 0.6171875 0.16796875 0.12109375
0 0.65 0.275 0.2078125 0.1296875
0 0.6609375 0.38671875 0.19921875 0.12109375
0 0.76484375 0.40703125 0.13984375 0.1
0 0.4859375 0.31171875 0.1734375 0.128125
0 0.37421875 0.18984375 0.19609375 0.140625
0 0.559375 0.10703125 0.17421875 0.1234375
0 0.31953125 0.59765625 0.15390625 0.11484375
0 0.35625 0.68203125 0.1328125 0.10078125
0 0.46875 0.76484375 0.16171875 0.11484375
0 0.2015625 0.69375 0.171875 0.11171875
0 0.171875 0.5921875 0.1796875 0.1015625
0 0.3859375 0.3921875 0.15703125 0.09921875