0 0.4 0.32578125 0.103125 0.13671875
0 0.4171875 0.14453125 0.09453125 0.10390625
0 0.315625 0.09921875 0.1171875 0.134375
0 0.14609375 0.3234375 0.0921875 0.13203125
0 0.21171875 0.38828125 0.08828125 0.1109375
0 0.62890625 0.49375 0.0984375 0.12109375
0 0.5953125 0.41328125 0.1 0.09453125
0 0.60859375 0.3140625 0.09296875 0.1328125
0 0.409375 0.4421875 0.0984375 0.14375
0 0.47734375 0.43359375 0.12734375 0.13828125
0 0.48203125 0.30234375 0.10390625 0.12109375
0 0.33671875 0.31484375 0.11640625 0.11171875
0 0.4 0.76328125 0.09140625 0.11953125
0 0.4015625 0.8609375 0.0828125 0.12890625
0 0.34296875 0.9140625 0.07890625 0.11796875
0 0.45625 0.84609375 0.09296875 0.11875