0 0.47265625 0.73203125 0.0921875 0.1421875
0 0.51171875 0.6234375 0.09765625 0.14765625
0 0.76796875 0.54140625 0.1046875 0.1390625
0 0.25546875 0.55625 0.07890625 0.14609375
0 0.5046875 0.834375 0.08671875 0.159375
0 0.828125 0.6484375 0.09765625 0.1796875
0 0.85625 0.51484375 0.09296875 0.14609375
0 0.790625 0.4296875 0.1015625 0.12109375
0 0.54765625 0.74140625 0.07734375 0.1265625
0 0.3953125 0.721875 0.08984375 0.14140625
0 0.4296875 0.85390625 0.1046875 0.1421875
0 0.3546875 0.6046875 0.08671875 0.14921875
0 0.24609375 0.45625 0.0875 0.1328125
0 0.18046875 0.54765625 0.08828125 0.128125
0 0.2265625 0.66953125 0.08828125 0.11484375
0 0.31953125 0.2890625 0.05703125 0.0796875
0 0.3703125 0.31875 0.0640625 0.084375
0 0.3234375 0.20703125 0.06484375 0.09765625
0 0.74453125 0.3078125 0.0703125 0.1015625
0 0.70625 0.309375 0.04765625 0.08359375
0 0.80234375 0.3265625 0.07421875 0.115625
0 0.846875 0.26953125 0.07421875 0.08984375