0 0.46015625 0.28203125 0.2171875 0.146875
0 0.46171875 0.40859375 0.20703125 0.1328125
0 0.6171875 0.31484375 0.19609375 0.14765625
0 0.2984375 0.31484375 0.2203125 0.159375
0 0.34375 0.6140625 0.1453125 0.0859375
0 0.35546875 0.70625 0.13828125 0.1015625
0 0.25625 0.6796875 0.13671875 0.07109375
0 0.83515625 0.54296875 0.12109375 0.0796875
0 0.88671875 0.59765625 0.13046875 0.0890625
0 0.8796875 0.67890625 0.1390625 0.084375
0 0.76796875 0.6515625 0.11171875 0.090625
0 0.7890625 0.70625 0.1 0.06484375
0 0.83359375 0.17265625 0.10859375 0.05546875
0 0.9203125 0.17421875 0.09375 0.0671875
0 0.7828125 0.215625 0.096875 0.05625
0 0.18046875 0.3 0.10546875 0.071875