0 0.51484375 0.39140625 0.10625 0.1765625
0 0.58515625 0.5515625 0.115625 0.14453125
0 0.78984375 0.6453125 0.1140625 0.21640625
0 0.7203125 0.81171875 0.12421875 0.2390625
0 0.7078125 0.384375 0.10546875 0.19765625
0 0.68515625 0.56640625 0.10234375 0.18359375
0 0.609375 0.7046875 0.09140625 0.1609375
0 0.52890625 0.6703125 0.0984375 0.18125
0 0.6015625 0.85625 0.10234375 0.2296875
0 0.83046875 0.75625 0.10859375 0.178125
0 0.8703125 0.57578125 0.1296875 0.18359375
0 0.77421875 0.4859375 0.08984375 0.1671875
0 0.828125 0.39765625 0.13203125 0.17265625
0 0.7828125 0.28984375 0.0984375 0.16015625
0 0.690625 0.27890625 0.1078125 0.159375
0 0.61484375 0.403125 0.10703125 0.19765625
0 0.65 0.2140625 0.09609375 0.16875
0 0.78828125 0.17265625 0.08984375 0.13671875
0 0.88203125 0.240625 0.13203125 0.171875