0 0.49609375 0.821875 0.2234375 0.34375
0 0.359375 0.559375 0.19609375 0.20625
0 0.29453125 0.73984375 0.26796875 0.25859375
0 0.61328125 0.68203125 0.184375 0.25546875
0 0.17109375 0.8828125 0.34140625 0.23359375
0 0.078125 0.76484375 0.15625 0.2328125
0 0.153125 0.6515625 0.23515625 0.21171875
0 0.228125 0.54453125 0.14921875 0.14140625
0 0.12734375 0.49375 0.18515625 0.1953125
0 0.56953125 0.50390625 0.16484375 0.23359375
0 0.71171875 0.5546875 0.18125 0.25390625
0 0.70234375 0.36796875 0.15546875 0.18828125
0 0.53125 0.3625 0.171875 0.19453125
0 0.4140625 0.32421875 0.14453125 0.20625
0 0.36875 0.465625 0.14453125 0.12578125