0 0.52109375 0.35234375 0.11640625 0.19296875
0 0.44453125 0.52734375 0.1265625 0.15859375
0 0.2203125 0.63046875 0.12421875 0.23671875
0 0.296875 0.8125 0.1359375 0.26171875
0 0.31015625 0.34453125 0.115625 0.2171875
0 0.3359375 0.54375 0.11171875 0.20078125
0 0.41796875 0.6953125 0.1 0.17578125
0 0.50625 0.6578125 0.1078125 0.19921875
0 0.4265625 0.86171875 0.1125 0.25234375
0 0.1765625 0.75234375 0.11875 0.1953125
0 0.1328125 0.5546875 0.1421875 0.2015625
0 0.23828125 0.45546875 0.0984375 0.1828125
0 0.17890625 0.359375 0.14453125 0.1890625
0 0.22890625 0.240625 0.1078125 0.175
0 0.32890625 0.22890625 0.11796875 0.17421875
0 0.41171875 0.36484375 0.11640625 0.21640625
0 0.37421875 0.1578125 0.10546875 0.18515625
0 0.22265625 0.11171875 0.0984375 0.15
0 0.11953125 0.18671875 0.14375 0.18828125