0 0.490625 0.8234375 0.22890625 0.35234375
0 0.35078125 0.55546875 0.20078125 0.2109375
0 0.284375 0.73984375 0.27421875 0.26484375
0 0.6109375 0.68046875 0.1890625 0.26171875
0 0.16640625 0.8828125 0.3328125 0.234375
0 0.071875 0.76640625 0.14375 0.2390625
0 0.140625 0.64921875 0.240625 0.2171875
0 0.21640625 0.53984375 0.15234375 0.14453125
0 0.11328125 0.4875 0.1890625 0.2
0 0.565625 0.4984375 0.16875 0.2390625
0 0.71171875 0.55 0.1859375 0.26015625
0 0.7015625 0.35859375 0.159375 0.19296875
0 0.52734375 0.353125 0.17578125 0.19921875
0 0.40703125 0.31484375 0.1484375 0.21171875
0 0.36015625 0.459375 0.14765625 0.12890625