0 0.37890625 0.10078125 0.1265625 0.17265625
0 0.37265625 0.59921875 0.11484375 0.1671875
0 0.44375 0.22421875 0.12421875 0.2046875
0 0.33125 0.2484375 0.11953125 0.18359375
0 0.43828125 0.37265625 0.12109375 0.15859375
0 0.33671875 0.434375 0.1234375 0.17578125
0 0.27109375 0.0875 0.1296875 0.175
0 0.18828125 0.6515625 0.09375 0.16328125
0 0.31875 0.7203125 0.10703125 0.16171875
0 0.4359375 0.684375 0.11484375 0.16171875
0 0.46796875 0.5234375 0.13203125 0.14921875
0 0.203125 0.7953125 0.08671875 0.13671875
0 0.11484375 0.79375 0.08984375 0.1390625
0 0.0953125 0.64296875 0.10078125 0.15703125
0 0.278125 0.93203125 0.109375 0.1359375
0 0.7609375 0.64609375 0.10625 0.17421875
0 0.68046875 0.496875 0.11328125 0.16796875
0 0.671875 0.628125 0.0984375 0.1390625
0 0.75625 0.7578125 0.08046875 0.1015625
0 0.6828125 0.81015625 0.0953125 0.11953125
0 0.74296875 0.89140625 0.1203125 0.1578125
0 0.83046875 0.81796875 0.090625 0.14765625
0 0.76875 0.45546875 0.09765625 0.15078125
0 0.83359375 0.5328125 0.1171875 0.1703125
0 0.84296875 0.678125 0.1078125 0.15
0 0.83359375 0.19140625 0.10234375 0.15703125
0 0.85859375 0.33125 0.09453125 0.17734375
0 0.72734375 0.3109375 0.08125 0.15
0 0.2625 0.36171875 0.084375 0.15703125