0 0.4546875 0.56796875 0.1046875 0.165625
0 0.53046875 0.6375 0.09765625 0.1546875
0 0.72734375 0.74921875 0.1046875 0.17890625
0 0.29765625 0.46953125 0.090625 0.13671875
0 0.22734375 0.38203125 0.09375 0.1515625
0 0.19140625 0.28359375 0.09140625 0.14375
0 0.32734375 0.259375 0.10390625 0.13984375
0 0.3328125 0.37734375 0.1 0.1265625
0 0.3703125 0.48515625 0.08203125 0.12578125
0 0.33125 0.603125 0.09453125 0.14453125
0 0.25078125 0.58984375 0.103125 0.1484375
0 0.228125 0.69296875 0.10078125 0.14296875
0 0.275 0.77109375 0.103125 0.1421875
0 0.23125 0.85546875 0.1015625 0.15703125
0 0.171875 0.7203125 0.06875 0.15390625
0 0.1375 0.6453125 0.08515625 0.1515625
0 0.1578125 0.38359375 0.08984375 0.13984375
0 0.4859375 0.7296875 0.09453125 0.16640625
0 0.45625 0.45625 0.090625 0.11015625
0 0.48515625 0.3703125 0.0796875 0.11484375
0 0.62109375 0.48046875 0.08671875 0.1671875
0 0.63984375 0.415625 0.09453125 0.09609375
0 0.753125 0.503125 0.09375 0.15234375
0 0.7171875 0.62421875 0.1109375 0.15703125
0 0.80078125 0.65078125 0.10625 0.16484375
0 0.809375 0.50859375 0.09375 0.15390625