0 0.4640625 0.35234375 0.278125 0.221875
0 0.4203125 0.58671875 0.2609375 0.22421875
0 0.69375 0.590625 0.24296875 0.17265625
0 0.80703125 0.15078125 0.25 0.21953125
0 0.865625 0.35859375 0.215625 0.1703125
0 0.27109375 0.14921875 0.3765625 0.27265625
0 0.578125 0.11796875 0.2125 0.21015625
0 0.21015625 0.65078125 0.228125 0.20078125
0 0.20390625 0.853125 0.21484375 0.2234375
0 0.28671875 0.4546875 0.240625 0.19609375
0 0.64609375 0.29296875 0.28203125 0.1921875
0 0.88203125 0.50546875 0.23515625 0.18125
0 0.62109375 0.71796875 0.23671875 0.15703125
0 0.85 0.8453125 0.1828125 0.1359375
0 0.73515625 0.89921875 0.18203125 0.1546875
0 0.3921875 0.88515625 0.23046875 0.20078125
0 0.5609375 0.8484375 0.1875 0.13671875
0 0.61484375 0.93359375 0.1828125 0.1328125
0 0.0984375 0.27734375 0.18828125 0.32734375
0 0.06015625 0.66640625 0.1203125 0.2078125