0 0.61015625 0.50859375 0.0921875 0.1671875
0 0.66640625 0.61484375 0.12578125 0.1671875
0 0.58046875 0.68828125 0.1125 0.15
0 0.52578125 0.4828125 0.09609375 0.14453125
0 0.73671875 0.33203125 0.1 0.14375
0 0.68984375 0.21171875 0.0578125 0.14453125
0 0.47109375 0.19296875 0.084375 0.15546875
0 0.5515625 0.171875 0.13515625 0.1515625
0 0.40703125 0.11171875 0.090625 0.13203125
0 0.3109375 0.18984375 0.07578125 0.1109375
0 0.2390625 0.20703125 0.08671875 0.10703125
0 0.31796875 0.30078125 0.0640625 0.13125
0 0.7015625 0.41640625 0.0875 0.13125
0 0.7515625 0.203125 0.07734375 0.13984375
0 0.8109375 0.3109375 0.09453125 0.13046875
0 0.78203125 0.43828125 0.084375 0.128125
0 0.8515625 0.49140625 0.10703125 0.11640625
0 0.93359375 0.53203125 0.07890625 0.096875
0 0.9390625 0.47109375 0.09140625 0.08671875
0 0.66640625 0.76328125 0.10625 0.17734375
0 0.54296875 0.62421875 0.1140625 0.15625
0 0.51796875 0.2828125 0.0921875 0.13671875
0 0.42109375 0.2421875 0.0859375 0.14296875
0 0.503125 0.06484375 0.1 0.1296875
0 0.24140625 0.33359375 0.084375 0.1375
0 0.38671875 0.78828125 0.11328125 0.165625
0 0.28046875 0.82421875 0.1140625 0.18984375
0 0.38359375 0.90390625 0.11328125 0.15625
0 0.38984375 0.3390625 0.075 0.1140625
0 0.63671875 0.30859375 0.10234375 0.13125