0 0.3546875 0.07109375 0.1328125 0.1421875
0 0.3484375 0.57890625 0.12109375 0.1765625
0 0.4234375 0.18203125 0.13125 0.21640625
0 0.3046875 0.2078125 0.1265625 0.19453125
0 0.41796875 0.33984375 0.128125 0.16796875
0 0.31015625 0.4046875 0.1296875 0.1859375
0 0.240625 0.06484375 0.1359375 0.1296875
0 0.15390625 0.634375 0.09921875 0.171875
0 0.29140625 0.70703125 0.11328125 0.17109375
0 0.415625 0.66875 0.12109375 0.17109375
0 0.4484375 0.49921875 0.1390625 0.1578125
0 0.16875 0.78671875 0.09140625 0.14453125
0 0.0765625 0.784375 0.09453125 0.146875
0 0.05625 0.625 0.10625 0.16640625
0 0.24921875 0.9296875 0.115625 0.13984375
0 0.7578125 0.628125 0.1125 0.184375
0 0.6734375 0.47109375 0.11953125 0.17734375
0 0.6640625 0.609375 0.10390625 0.146875
0 0.753125 0.746875 0.084375 0.1078125
0 0.67578125 0.8015625 0.10078125 0.12578125
0 0.7390625 0.8875 0.12734375 0.1671875
0 0.83125 0.81015625 0.0953125 0.15546875
0 0.76640625 0.4265625 0.103125 0.159375
0 0.834375 0.50859375 0.1234375 0.1796875
0 0.84453125 0.6625 0.11328125 0.15859375
0 0.834375 0.1484375 0.1078125 0.16640625
0 0.8609375 0.29609375 0.1 0.1875
0 0.721875 0.27421875 0.0859375 0.15859375
0 0.23203125 0.328125 0.0890625 0.165625