0 0.4546875 0.73984375 0.11171875 0.075
0 0.60859375 0.73828125 0.11875 0.08046875
0 0.334375 0.546875 0.078125 0.05625
0 0.36484375 0.49765625 0.07265625 0.05234375
0 0.28359375 0.50546875 0.0875 0.06484375
0 0.26796875 0.55390625 0.084375 0.0578125
0 0.24921875 0.60390625 0.08984375 0.06484375
0 0.19765625 0.5703125 0.09375 0.06015625
0 0.18671875 0.62421875 0.08515625 0.06171875
0 0.275 0.653125 0.08203125 0.05703125
0 0.32734375 0.61484375 0.07578125 0.075
0 0.38828125 0.5875 0.090625 0.05625
0 0.390625 0.6296875 0.06484375 0.0546875
0 0.33515625 0.66640625 0.071875 0.0609375
0 0.2046875 0.671875 0.08515625 0.07109375
0 0.26015625 0.70234375 0.07265625 0.05234375
0 0.59375 0.8078125 0.09765625 0.08125
0 0.72109375 0.61796875 0.071875 0.05546875
0 0.7765625 0.59765625 0.06328125 0.05625
0 0.7609375 0.65234375 0.071875 0.0640625
0 0.7265625 0.575 0.07421875 0.05546875
0 0.64375 0.56015625 0.08671875 0.05859375
0 0.6828125 0.596875 0.0734375 0.06015625
0 0.640625 0.61875 0.0609375 0.053125
0 0.709375 0.5109375 0.0796875 0.05859375
0 0.65625 0.52421875 0.06484375 0.046875
0 0.68203125 0.48671875 0.0765625 0.06328125