0 0.375 0.25234375 0.109375 0.15859375
0 0.54453125 0.36796875 0.11953125 0.22109375
0 0.74609375 0.5515625 0.1140625 0.146875
0 0.61171875 0.28203125 0.11484375 0.14765625
0 0.63203125 0.41875 0.10859375 0.20703125
0 0.43359375 0.17109375 0.15 0.20234375
0 0.26484375 0.2796875 0.1078125 0.18046875
0 0.3359375 0.3609375 0.1125 0.18203125
0 0.625 0.57265625 0.125 0.18359375
0 0.890625 0.11484375 0.1015625 0.19140625
0 0.80546875 0.6703125 0.10859375 0.2
0 0.6875 0.6703125 0.1171875 0.18515625
0 0.6015625 0.73203125 0.11015625 0.19375
0 0.54765625 0.8390625 0.1078125 0.2296875
0 0.66796875 0.79921875 0.09765625 0.1265625
0 0.6984375 0.9125 0.10859375 0.1734375
0 0.76796875 0.8046875 0.12734375 0.1640625
0 0.89921875 0.57421875 0.0734375 0.12421875
0 0.32578125 0.58984375 0.128125 0.20703125
0 0.278125 0.5296875 0.0921875 0.18984375
0 0.240625 0.746875 0.11640625 0.22734375
0 0.16875 0.759375 0.09765625 0.203125