0 0.53046875 0.55703125 0.1015625 0.16015625
0 0.4578125 0.625 0.09453125 0.14921875
0 0.2671875 0.7328125 0.1015625 0.17265625
0 0.6828125 0.4625 0.0875 0.13203125
0 0.75078125 0.37734375 0.090625 0.146875
0 0.78515625 0.28203125 0.08828125 0.13984375
0 0.65390625 0.25859375 0.10078125 0.1359375
0 0.6484375 0.37265625 0.096875 0.12265625
0 0.6125 0.47734375 0.0796875 0.121875
0 0.65078125 0.59140625 0.09140625 0.13984375
0 0.728125 0.57890625 0.09921875 0.14375
0 0.74921875 0.678125 0.09765625 0.13828125
0 0.7046875 0.75390625 0.1 0.1375
0 0.746875 0.8359375 0.0984375 0.1515625
0 0.80390625 0.7046875 0.06640625 0.14921875
0 0.83828125 0.63203125 0.08203125 0.146875
0 0.81796875 0.37890625 0.08671875 0.13515625
0 0.5 0.7140625 0.09140625 0.1609375
0 0.5296875 0.44921875 0.0875 0.10625
0 0.50078125 0.365625 0.07734375 0.11171875
0 0.36953125 0.47265625 0.084375 0.16171875
0 0.3515625 0.409375 0.09140625 0.09296875
0 0.2421875 0.49453125 0.090625 0.14765625
0 0.2765625 0.61171875 0.10703125 0.1515625
0 0.1953125 0.6375 0.103125 0.16015625
0 0.1875 0.49921875 0.090625 0.14921875