0 0.15859375 0.428125 0.14765625 0.115625
0 0.24609375 0.51875 0.1609375 0.1203125
0 0.61171875 0.16328125 0.08203125 0.06015625
0 0.6546875 0.196875 0.09765625 0.07578125
0 0.5625 0.11015625 0.1015625 0.0546875
0 0.4984375 0.22109375 0.10390625 0.06015625
0 0.3484375 0.47109375 0.13671875 0.1015625
0 0.63203125 0.63203125 0.109375 0.0671875
0 0.74140625 0.63125 0.11640625 0.07109375
0 0.70703125 0.57265625 0.09921875 0.0703125
0 0.7671875 0.6734375 0.10703125 0.06640625
0 0.678125 0.70546875 0.11640625 0.0765625
0 0.74375 0.74375 0.11640625 0.065625
0 0.634375 0.7484375 0.08984375 0.059375
0 0.7 0.7890625 0.09453125 0.06328125