0 0.8078125 0.4453125 0.09375 0.140625
0 0.33515625 0.7078125 0.1203125 0.15859375
0 0.67734375 0.26796875 0.10625 0.15546875
0 0.765625 0.31640625 0.1046875 0.14921875
0 0.71328125 0.41484375 0.1078125 0.1453125
0 0.6546875 0.3828125 0.09296875 0.134375
0 0.7421875 0.540625 0.10859375 0.1359375
0 0.66796875 0.51875 0.08671875 0.13984375
0 0.82734375 0.56328125 0.10078125 0.1421875
0 0.74375 0.6375 0.09453125 0.11953125
0 0.8921875 0.53203125 0.09921875 0.1484375
0 0.4 0.60625 0.1453125 0.16875
0 0.25546875 0.79765625 0.1390625 0.16953125
0 0.296875 0.8640625 0.12109375 0.14609375
0 0.38671875 0.8046875 0.12578125 0.153125
0 0.43046875 0.6890625 0.09453125 0.10234375
0 0.40078125 0.46875 0.128125 0.14453125
0 0.19375 0.2328125 0.09609375 0.12578125
0 0.1359375 0.29375 0.0875 0.11875
0 0.13671875 0.18984375 0.08828125 0.11015625
0 0.06640625 0.27578125 0.08671875 0.15546875
0 0.25546875 0.23125 0.071875 0.096875
0 0.22890625 0.29296875 0.10859375 0.09921875