0 0.5515625 0.43515625 0.1265625 0.08515625
0 0.4484375 0.38984375 0.10078125 0.07578125
0 0.48125 0.696875 0.16171875 0.11796875
0 0.5359375 0.80390625 0.19765625 0.115625
0 0.51171875 0.90078125 0.221875 0.134375
0 0.92265625 0.8421875 0.1546875 0.1015625
0 0.86484375 0.7703125 0.15390625 0.10625
0 0.85078125 0.67890625 0.1171875 0.10546875
0 0.70859375 0.6953125 0.13359375 0.1
0 0.27265625 0.7203125 0.215625 0.1125
0 0.2484375 0.7875 0.19609375 0.08984375
0 0.38125 0.8875 0.17265625 0.128125
0 0.39921875 0.77734375 0.1796875 0.1234375
0 0.7484375 0.78828125 0.128125 0.1078125
0 0.83671875 0.8671875 0.1375 0.1015625
0 0.0875 0.68515625 0.14453125 0.09765625
0 0.0890625 0.7734375 0.1609375 0.12265625
0 0.1046875 0.85234375 0.15703125 0.1046875
0 0.60703125 0.26953125 0.1171875 0.0734375
0 0.69765625 0.30078125 0.10625 0.08046875
0 0.45625 0.44296875 0.10625 0.07578125
0 0.53125 0.36796875 0.08515625 0.0578125
0 0.62109375 0.37109375 0.09375 0.0578125
0 0.4828125 0.3265625 0.08046875 0.06328125