0 0.71953125 0.50390625 0.125 0.18046875
0 0.33203125 0.42578125 0.09375 0.14609375
0 0.65 0.596875 0.11171875 0.1609375
0 0.80234375 0.653125 0.1125 0.1625
0 0.825 0.51796875 0.13515625 0.14921875
0 0.3796875 0.328125 0.09921875 0.13984375
0 0.38828125 0.47578125 0.08671875 0.13125
0 0.43671875 0.3984375 0.09609375 0.1453125
0 0.40703125 0.5375 0.0890625 0.10078125
0 0.19921875 0.325 0.06640625 0.0890625
0 0.27265625 0.3234375 0.103125 0.140625
0 0.7234375 0.68984375 0.103125 0.1546875
0 0.86171875 0.615625 0.08203125 0.15546875