0 0.60546875 0.32890625 0.10546875 0.13984375
0 0.58828125 0.14296875 0.096875 0.10625
0 0.69140625 0.096875 0.11953125 0.1375
0 0.865625 0.3265625 0.09453125 0.13515625
0 0.7984375 0.3921875 0.090625 0.11328125
0 0.37109375 0.5 0.10078125 0.1234375
0 0.40546875 0.41796875 0.10234375 0.096875
0 0.3921875 0.31640625 0.09453125 0.1359375
0 0.59609375 0.44765625 0.10078125 0.146875
0 0.5265625 0.4390625 0.13046875 0.14140625
0 0.521875 0.3046875 0.10625 0.12421875
0 0.67109375 0.3171875 0.11875 0.1140625
0 0.60546875 0.77578125 0.09375 0.121875
0 0.60390625 0.87578125 0.08515625 0.13203125
0 0.6640625 0.9296875 0.08125 0.1203125
0 0.5484375 0.86015625 0.09453125 0.12109375