0 0.640625 0.43828125 0.06875 0.09453125
0 0.415625 0.475 0.053125 0.078125
0 0.6703125 0.24609375 0.05625 0.090625
0 0.6703125 0.3765625 0.0625 0.09609375
0 0.6765625 0.46328125 0.04609375 0.09921875
0 0.40234375 0.53203125 0.06640625 0.07265625
0 0.45546875 0.50703125 0.05390625 0.0828125
0 0.453125 0.434375 0.05234375 0.0703125
0 0.39453125 0.3703125 0.06171875 0.071875
0 0.446875 0.315625 0.053125 0.0828125
0 0.4078125 0.30078125 0.0453125 0.0625
0 0.55390625 0.1765625 0.05703125 0.0921875
0 0.5640625 0.240625 0.04765625 0.0859375
0 0.63828125 0.284375 0.04921875 0.08515625
0 0.7109375 0.2859375 0.05546875 0.096875
0 0.49921875 0.20703125 0.05625 0.09296875
0 0.61171875 0.56640625 0.05078125 0.075