0 0.83828125 0.44140625 0.22421875 0.1484375
0 0.49765625 0.7703125 0.1890625 0.1296875
0 0.3 0.38203125 0.2015625 0.11484375
0 0.79765625 0.57890625 0.2109375 0.15390625
0 0.4421875 0.31796875 0.17109375 0.121875
0 0.60078125 0.14765625 0.1421875 0.096875
0 0.64609375 0.20625 0.115625 0.08984375
0 0.5171875 0.15 0.128125 0.0953125
0 0.5390625 0.5921875 0.1828125 0.12265625
0 0.45546875 0.6640625 0.203125 0.13125
0 0.63046875 0.6828125 0.18203125 0.10078125
0 0.6390625 0.7890625 0.175 0.1515625
0 0.50078125 0.87109375 0.2 0.11015625
0 0.35546875 0.76953125 0.18046875 0.13671875
0 0.7203125 0.5328125 0.1703125 0.125
0 0.928125 0.534375 0.14375 0.16953125
0 0.9140625 0.65546875 0.17109375 0.14765625