0 0.36640625 0.0859375 0.12890625 0.171875
0 0.3609375 0.596875 0.11796875 0.17265625
0 0.43359375 0.2109375 0.12734375 0.2109375
0 0.31796875 0.2359375 0.1234375 0.18984375
0 0.428125 0.3640625 0.125 0.1640625
0 0.3234375 0.42734375 0.1265625 0.18125
0 0.25625 0.0796875 0.1328125 0.159375
0 0.17109375 0.65078125 0.09609375 0.16796875
0 0.30546875 0.721875 0.11015625 0.1671875
0 0.42578125 0.684375 0.11796875 0.16640625
0 0.45859375 0.51953125 0.13515625 0.153125
0 0.18671875 0.79921875 0.0890625 0.140625
0 0.09609375 0.79765625 0.0921875 0.14296875
0 0.0765625 0.6421875 0.10390625 0.16171875
0 0.2640625 0.93515625 0.1125 0.1296875
0 0.759375 0.6453125 0.109375 0.1796875
0 0.6765625 0.49140625 0.11640625 0.17265625
0 0.66796875 0.6265625 0.10078125 0.14296875
0 0.7546875 0.7609375 0.08203125 0.1046875
0 0.6796875 0.8140625 0.0984375 0.12265625
0 0.740625 0.8984375 0.1234375 0.1625
0 0.83125 0.82265625 0.09296875 0.1515625
0 0.76796875 0.4484375 0.1 0.15546875
0 0.83359375 0.52890625 0.1203125 0.175
0 0.84375 0.67890625 0.11015625 0.1546875
0 0.834375 0.17734375 0.1046875 0.16171875
0 0.86015625 0.32109375 0.09765625 0.1828125
0 0.725 0.3 0.08359375 0.1546875
0 0.24765625 0.35234375 0.08671875 0.16171875