0 0.16640625 0.453125 0.21953125 0.1453125
0 0.49921875 0.7765625 0.18515625 0.12734375
0 0.69296875 0.39453125 0.19765625 0.1125
0 0.20625 0.58828125 0.20625 0.1515625
0 0.55390625 0.33203125 0.1671875 0.11953125
0 0.39921875 0.16484375 0.1390625 0.0953125
0 0.35390625 0.22265625 0.11328125 0.08828125
0 0.48046875 0.1671875 0.12578125 0.09375
0 0.45859375 0.6015625 0.17890625 0.1203125
0 0.540625 0.671875 0.19921875 0.12890625
0 0.3703125 0.690625 0.178125 0.0984375
0 0.3609375 0.79453125 0.17109375 0.1484375
0 0.49609375 0.875 0.19609375 0.1078125
0 0.6390625 0.77578125 0.1765625 0.134375
0 0.28125 0.54296875 0.16640625 0.12265625
0 0.075 0.54375 0.15 0.165625
0 0.08828125 0.66328125 0.1765625 0.1453125