0 0.5390625 0.3421875 0.28984375 0.23125
0 0.584375 0.58671875 0.271875 0.234375
0 0.29921875 0.590625 0.253125 0.1796875
0 0.18125 0.13203125 0.2609375 0.22890625
0 0.1203125 0.34921875 0.225 0.17734375
0 0.7421875 0.1359375 0.39296875 0.27109375
0 0.4203125 0.103125 0.22265625 0.20625
0 0.803125 0.65390625 0.2375 0.21015625
0 0.81015625 0.86484375 0.22421875 0.23359375
0 0.7234375 0.44921875 0.2515625 0.2046875
0 0.3484375 0.28046875 0.29453125 0.20078125
0 0.1140625 0.5015625 0.228125 0.1875
0 0.37421875 0.72421875 0.246875 0.1640625
0 0.1359375 0.85703125 0.190625 0.1421875
0 0.25625 0.9140625 0.18984375 0.16171875
0 0.61328125 0.896875 0.240625 0.20625
0 0.4375 0.8609375 0.1953125 0.1421875
0 0.3828125 0.93984375 0.190625 0.1203125
0 0.91171875 0.26171875 0.1765625 0.3421875
0 0.94921875 0.66875 0.1015625 0.215625