0 0.4328125 0.809375 0.03203125 0.071875
0 0.48515625 0.8046875 0.040625 0.053125
0 0.46328125 0.915625 0.04453125 0.065625
0 0.41796875 0.87421875 0.03515625 0.065625
0 0.35 0.57109375 0.0375 0.0546875
0 0.3125 0.6171875 0.03359375 0.07265625
0 0.4359375 0.953125 0.0375 0.07265625
0 0.4703125 0.86796875 0.05703125 0.06171875
0 0.4359375 0.99140625 0.046875 0.0171875
0 0.39296875 0.96953125 0.0359375 0.0609375
0 0.296875 0.6625 0.04140625 0.06875
0 0.34140625 0.64140625 0.03671875 0.075
0 0.6109375 0.49609375 0.034375 0.046875
0 0.55078125 0.50859375 0.03203125 0.04609375
0 0.57890625 0.5015625 0.028125 0.04453125