0 0.1609375 0.44140625 0.1421875 0.11171875
0 0.2453125 0.528125 0.1546875 0.11640625
0 0.59765625 0.18515625 0.07890625 0.0578125
0 0.6390625 0.21796875 0.09375 0.07265625
0 0.55078125 0.134375 0.09765625 0.053125
0 0.48828125 0.240625 0.10078125 0.0578125
0 0.34375 0.48203125 0.13203125 0.0984375
0 0.61796875 0.6375 0.10546875 0.06484375
0 0.72265625 0.6359375 0.1125 0.06875
0 0.68984375 0.5796875 0.09609375 0.06796875
0 0.74765625 0.67734375 0.10390625 0.0640625
0 0.66171875 0.7078125 0.1125 0.0734375
0 0.725 0.74453125 0.1125 0.06328125
0 0.61953125 0.74921875 0.08671875 0.05703125
0 0.6828125 0.7890625 0.09140625 0.0609375