0 0.396875 0.80625 0.02890625 0.06484375
0 0.44375 0.80234375 0.03671875 0.04765625
0 0.42421875 0.90234375 0.040625 0.059375
0 0.38359375 0.8640625 0.03203125 0.059375
0 0.321875 0.590625 0.03359375 0.04921875
0 0.2875 0.6328125 0.03046875 0.065625
0 0.4 0.9359375 0.034375 0.065625
0 0.43046875 0.859375 0.0515625 0.05625
0 0.40078125 0.98203125 0.0421875 0.0359375
0 0.36171875 0.9625 0.03359375 0.071875
0 0.2734375 0.6734375 0.0375 0.06171875
0 0.3140625 0.6546875 0.03359375 0.06796875
0 0.5578125 0.5234375 0.03125 0.0421875
0 0.50390625 0.534375 0.02890625 0.04140625
0 0.52890625 0.528125 0.02578125 0.040625