0 0.64296875 0.41953125 0.071875 0.09921875
0 0.40859375 0.4578125 0.05546875 0.08203125
0 0.67421875 0.21796875 0.05859375 0.0953125
0 0.67421875 0.35546875 0.065625 0.10078125
0 0.68125 0.44609375 0.04765625 0.10390625
0 0.39453125 0.51796875 0.06953125 0.07578125
0 0.45 0.49140625 0.05625 0.08671875
0 0.44765625 0.415625 0.0546875 0.0734375
0 0.3859375 0.3484375 0.0640625 0.07578125
0 0.440625 0.29140625 0.05546875 0.08671875
0 0.40078125 0.27578125 0.046875 0.065625
0 0.553125 0.1453125 0.059375 0.096875
0 0.56328125 0.2125 0.04921875 0.08984375
0 0.640625 0.25859375 0.0515625 0.0890625
0 0.7171875 0.26015625 0.0578125 0.1015625
0 0.4953125 0.178125 0.05859375 0.096875
0 0.61328125 0.55390625 0.053125 0.07890625