0 0.3703125 0.09609375 0.11953125 0.1734375
0 0.36171875 0.6015625 0.1171875 0.18359375
0 0.43515625 0.21328125 0.1296875 0.19921875
0 0.3296875 0.2546875 0.10703125 0.1828125
0 0.43671875 0.3890625 0.121875 0.14921875
0 0.459375 0.52734375 0.140625 0.175
0 0.4328125 0.69453125 0.12265625 0.1796875
0 0.30625 0.725 0.1265625 0.19453125
0 0.2640625 0.56875 0.10390625 0.1640625
0 0.325 0.434375 0.128125 0.19296875
0 0.246875 0.35546875 0.0828125 0.1484375
0 0.1796875 0.66328125 0.11796875 0.1640625
0 0.1984375 0.81015625 0.103125 0.1703125
0 0.259375 0.9375 0.1265625 0.125
0 0.0984375 0.8015625 0.1078125 0.17421875
0 0.1296875 0.909375 0.1078125 0.13046875
0 0.0703125 0.6546875 0.1171875 0.14765625
0 0.68203125 0.5046875 0.11953125 0.18203125
0 0.76640625 0.4453125 0.12578125 0.18984375
0 0.85390625 0.33828125 0.103125 0.1765625
0 0.84140625 0.20234375 0.1109375 0.16875
0 0.8421875 0.51953125 0.1359375 0.203125
0 0.75625 0.646875 0.121875 0.20859375
0 0.75078125 0.76796875 0.09765625 0.11484375
0 0.83125 0.8359375 0.121875 0.16328125
0 0.73828125 0.896875 0.109375 0.17578125
0 0.66328125 0.63125 0.09296875 0.1328125