0 0.80078125 0.25234375 0.0671875 0.05234375
0 0.878125 0.29140625 0.06875 0.06640625
0 0.83046875 0.309375 0.04453125 0.0625
0 0.53671875 0.3015625 0.05859375 0.053125
0 0.4828125 0.3125 0.05703125 0.05859375
0 0.4984375 0.36796875 0.04921875 0.07421875
0 0.4625 0.55546875 0.05078125 0.06875
0 0.5046875 0.59375 0.05546875 0.08125
0 0.475 0.62421875 0.04765625 0.0875
0 0.4328125 0.609375 0.06015625 0.07421875
0 0.73359375 0.690625 0.07421875 0.07109375
0 0.44453125 0.73828125 0.04453125 0.103125