0 0.2796875 0.5140625 0.128125 0.18515625
0 0.67734375 0.434375 0.096875 0.15078125
0 0.3515625 0.61015625 0.11484375 0.165625
0 0.19453125 0.66796875 0.115625 0.1671875
0 0.17109375 0.52890625 0.1390625 0.153125
0 0.628125 0.3328125 0.10234375 0.14453125
0 0.61953125 0.48515625 0.0890625 0.13515625
0 0.56953125 0.40546875 0.0984375 0.14921875
0 0.6 0.5484375 0.09140625 0.10390625
0 0.8140625 0.33046875 0.06875 0.09140625
0 0.73828125 0.328125 0.10625 0.14453125
0 0.275 0.70546875 0.10625 0.159375
0 0.13359375 0.62890625 0.084375 0.159375