0 0.19453125 0.43984375 0.0921875 0.13828125
0 0.65859375 0.69765625 0.11875 0.15546875
0 0.32265625 0.265625 0.10390625 0.153125
0 0.23515625 0.3125 0.10234375 0.14609375
0 0.28671875 0.41015625 0.10625 0.14296875
0 0.34453125 0.378125 0.09140625 0.13203125
0 0.25859375 0.53359375 0.10703125 0.13359375
0 0.33203125 0.51171875 0.08515625 0.1375
0 0.175 0.55546875 0.09921875 0.1390625
0 0.25703125 0.62890625 0.09296875 0.11796875
0 0.1109375 0.525 0.09765625 0.1453125
0 0.5953125 0.5984375 0.14296875 0.165625
0 0.7375 0.7859375 0.13671875 0.16640625
0 0.69609375 0.85078125 0.11953125 0.14296875
0 0.6078125 0.79296875 0.12421875 0.15
0 0.56484375 0.67890625 0.09296875 0.10078125
0 0.59453125 0.4625 0.12578125 0.1421875
0 0.79765625 0.23046875 0.09453125 0.1234375
0 0.8546875 0.290625 0.0859375 0.11640625
0 0.85390625 0.1890625 0.08671875 0.1078125
0 0.92265625 0.2734375 0.08515625 0.153125
0 0.7375 0.2296875 0.0703125 0.0953125
0 0.76328125 0.28984375 0.10703125 0.09765625