0 0.634375 0.2453125 0.11640625 0.16875
0 0.4546875 0.3671875 0.12734375 0.234375
0 0.23984375 0.5625 0.12109375 0.15546875
0 0.3828125 0.2765625 0.121875 0.15703125
0 0.36171875 0.42109375 0.115625 0.2203125
0 0.57265625 0.1578125 0.159375 0.21484375
0 0.7515625 0.2734375 0.1140625 0.19140625
0 0.67578125 0.36015625 0.11953125 0.19375
0 0.36875 0.58515625 0.1328125 0.1953125
0 0.08671875 0.1 0.1078125 0.2
0 0.1765625 0.68828125 0.11484375 0.2125
0 0.303125 0.68828125 0.12421875 0.196875
0 0.39375 0.75390625 0.11640625 0.20546875
0 0.45078125 0.86796875 0.11484375 0.24375
0 0.3234375 0.82578125 0.10390625 0.134375
0 0.29140625 0.92578125 0.11484375 0.1484375
0 0.21640625 0.83203125 0.13515625 0.17421875
0 0.078125 0.58671875 0.078125 0.13203125
0 0.68671875 0.603125 0.13671875 0.2203125
0 0.7375 0.5390625 0.0984375 0.2015625
0 0.77734375 0.7703125 0.1234375 0.24140625
0 0.85390625 0.78359375 0.103125 0.21640625