0 0.5375 0.4859375 0.19453125 0.378125
0 0.39140625 0.66328125 0.2046875 0.40390625
0 0.52421875 0.23203125 0.20546875 0.334375
0 0.34609375 0.39765625 0.20859375 0.3484375
0 0.68515625 0.29765625 0.1609375 0.24375
0 0.67421875 0.48203125 0.1765625 0.365625
0 0.559375 0.7640625 0.2015625 0.33671875
0 0.89921875 0.09140625 0.11484375 0.1828125
0 0.790625 0.05625 0.14921875 0.1125
0 0.83203125 0.16171875 0.11875 0.18671875
0 0.10859375 0.52421875 0.1640625 0.2859375
0 0.07578125 0.7546875 0.15078125 0.3046875
0 0.025 0.56875 0.05 0.2984375
0 0.18828125 0.37578125 0.1625 0.28203125
0 0.028125 0.84296875 0.05546875 0.24375
0 0.24375 0.54921875 0.1078125 0.18984375