0 0.6765625 0.3296875 0.11640625 0.16328125
0 0.59296875 0.553125 0.12265625 0.221875
0 0.85 0.46875 0.10859375 0.19609375
0 0.9296875 0.27578125 0.1265625 0.16171875
0 0.32109375 0.4640625 0.10703125 0.1640625
0 0.590625 0.23515625 0.12265625 0.20078125
0 0.578125 0.38984375 0.13046875 0.1890625
0 0.52109375 0.49609375 0.10234375 0.171875
0 0.6796875 0.24140625 0.09609375 0.125
0 0.6796875 0.46875 0.1390625 0.18828125
0 0.715625 0.41953125 0.08828125 0.12109375
0 0.85625 0.30859375 0.12265625 0.1703125
0 0.9421875 0.55625 0.115625 0.1671875
0 0.95 0.67421875 0.1 0.1484375
0 0.8984375 0.86640625 0.12421875 0.1640625
0 0.9171875 0.9515625 0.1140625 0.096875
0 0.959375 0.3390625 0.08046875 0.18125
0 0.8828125 0.13515625 0.13515625 0.19609375
0 0.95703125 0.47734375 0.0859375 0.15
0 0.2515625 0.54140625 0.10078125 0.15390625
0 0.29140625 0.6171875 0.1015625 0.17578125
0 0.3390625 0.72890625 0.13359375 0.1953125
0 0.4140625 0.784375 0.11015625 0.2078125
0 0.4140625 0.6171875 0.115625 0.1890625