0 0.71171875 0.31484375 0.1203125 0.16796875
0 0.62578125 0.5453125 0.1265625 0.228125
0 0.890625 0.45859375 0.11171875 0.20234375
0 0.9546875 0.259375 0.090625 0.1671875
0 0.34453125 0.453125 0.1109375 0.16875
0 0.62265625 0.2171875 0.1265625 0.20703125
0 0.61015625 0.3765625 0.134375 0.1953125
0 0.55078125 0.4859375 0.10546875 0.17734375
0 0.71484375 0.22421875 0.09921875 0.128125
0 0.71484375 0.4578125 0.14296875 0.19375
0 0.75234375 0.40703125 0.09140625 0.125
0 0.89765625 0.29296875 0.1265625 0.175
0 0.96328125 0.5484375 0.0734375 0.171875
0 0.97109375 0.66953125 0.0578125 0.15234375
0 0.9390625 0.865625 0.121875 0.16875
0 0.95078125 0.95234375 0.0984375 0.0953125
0 0.98125 0.32421875 0.0375 0.18671875
0 0.925 0.11484375 0.1390625 0.20234375
0 0.97890625 0.46640625 0.0421875 0.1546875
0 0.27265625 0.5328125 0.10390625 0.15859375
0 0.3140625 0.6109375 0.10546875 0.18046875
0 0.36328125 0.72578125 0.13828125 0.20078125
0 0.440625 0.7828125 0.1140625 0.2140625
0 0.440625 0.6109375 0.11953125 0.19453125