0 0.35390625 0.346875 0.10703125 0.15
0 0.43125 0.55234375 0.1125 0.20390625
0 0.19375 0.475 0.1 0.18046875
0 0.1203125 0.29765625 0.11640625 0.14921875
0 0.68203125 0.47109375 0.0984375 0.15078125
0 0.43359375 0.26015625 0.1125 0.18515625
0 0.44453125 0.40234375 0.1203125 0.17421875
0 0.49765625 0.5 0.09453125 0.1578125
0 0.35078125 0.265625 0.0890625 0.11484375
0 0.35078125 0.475 0.128125 0.17265625
0 0.31796875 0.4296875 0.08125 0.11171875
0 0.18828125 0.32734375 0.11328125 0.15625
0 0.10078125 0.55625 0.1234375 0.153125
0 0.096875 0.66484375 0.10390625 0.13671875
0 0.14921875 0.840625 0.11484375 0.15078125
0 0.13203125 0.93125 0.10546875 0.11328125
0 0.07734375 0.35625 0.10546875 0.16640625
0 0.1640625 0.16875 0.12421875 0.18046875
0 0.08125 0.484375 0.1078125 0.13828125
0 0.74609375 0.54140625 0.09296875 0.1421875
0 0.709375 0.6109375 0.09375 0.1609375
0 0.66484375 0.7140625 0.1234375 0.1796875
0 0.59609375 0.765625 0.1015625 0.19140625
0 0.59609375 0.61171875 0.10625 0.1734375