0 0.31328125 0.1265625 0.121875 0.09375
0 0.37734375 0.1953125 0.10390625 0.1
0 0.25546875 0.17265625 0.09140625 0.1203125
0 0.22265625 0.08984375 0.10390625 0.0890625
0 0.35 0.053125 0.134375 0.09375
0 0.35546875 0.36953125 0.1125 0.1671875
0 0.42265625 0.46171875 0.18671875 0.159375
0 0.5 0.5796875 0.153125 0.14609375
0 0.36171875 0.53203125 0.16484375 0.13125
0 0.39609375 0.64921875 0.12578125 0.1703125
0 0.2296875 0.63203125 0.1421875 0.11640625
0 0.290625 0.725 0.134375 0.09375
0 0.19453125 0.7328125 0.090625 0.1046875
0 0.1046875 0.80703125 0.13046875 0.09375
0 0.184375 0.84453125 0.146875 0.10390625
0 0.2875 0.8640625 0.15703125 0.1171875
0 0.6875 0.5890625 0.1515625 0.13984375
0 0.86875 0.53828125 0.1546875 0.1078125
0 0.84375 0.36015625 0.15234375 0.11015625
0 0.73828125 0.3125 0.13984375 0.11796875
0 0.68046875 0.39765625 0.1421875 0.11171875
0 0.8125 0.69140625 0.10390625 0.1390625
0 0.92109375 0.65078125 0.14921875 0.153125
0 0.74140625 0.67578125 0.12109375 0.18046875