0 0.503125 0.5171875 0.171875 0.20859375
0 0.50546875 0.71796875 0.13515625 0.25703125
0 0.3546875 0.60234375 0.14765625 0.21953125
0 0.3859375 0.38515625 0.15234375 0.21640625
0 0.44296875 0.171875 0.128125 0.20625
0 0.60703125 0.534375 0.1484375 0.21171875
0 0.41015625 0.8796875 0.1328125 0.240625
0 0.2828125 0.46640625 0.13828125 0.240625
0 0.3078125 0.8171875 0.128125 0.24140625
0 0.58984375 0.71796875 0.10703125 0.25625
0 0.50078125 0.909375 0.13984375 0.18125
0 0.51796875 0.3546875 0.15 0.2203125