0 0.46484375 0.52265625 0.1046875 0.18671875
0 0.3671875 0.44765625 0.11875 0.1921875
0 0.32109375 0.2625 0.0890625 0.1625
0 0.4171875 0.2546875 0.1109375 0.16640625
0 0.19609375 0.2265625 0.10234375 0.1546875
0 0.2484375 0.47109375 0.11015625 0.15390625
0 0.65625 0.575 0.1421875 0.203125
0 0.7390625 0.6734375 0.13515625 0.19921875
0 0.84765625 0.73828125 0.13125 0.19765625
0 0.74453125 0.875 0.13359375 0.18984375
0 0.946875 0.796875 0.10625 0.2140625
0 0.78359375 0.48046875 0.12109375 0.1921875
0 0.546875 0.6015625 0.12421875 0.2109375
0 0.50625 0.30546875 0.09609375 0.14296875
0 0.53359375 0.1765625 0.09765625 0.13671875
0 0.28046875 0.1328125 0.08515625 0.1171875
0 0.3078125 0.38203125 0.12109375 0.14609375
0 0.38984375 0.58203125 0.1046875 0.178125