0 0.28203125 0.5765625 0.12890625 0.16875
0 0.18359375 0.5171875 0.1203125 0.1578125
0 0.39765625 0.5390625 0.1046875 0.171875
0 0.84921875 0.41640625 0.10078125 0.18046875
0 0.8765625 0.5921875 0.10859375 0.16875
0 0.334375 0.4125 0.103125 0.1453125
0 0.746875 0.6171875 0.115625 0.15
0 0.47109375 0.64140625 0.11328125 0.14921875
0 0.475 0.51015625 0.10234375 0.153125
0 0.22734375 0.3875 0.10234375 0.1734375
0 0.3515625 0.6921875 0.1203125 0.1875
0 0.42578125 0.7671875 0.10078125 0.19375
0 0.5203125 0.77265625 0.10703125 0.18125
0 0.684375 0.73203125 0.09453125 0.14140625
0 0.66015625 0.62578125 0.08828125 0.14609375
0 0.77734375 0.7453125 0.1015625 0.15546875
0 0.85859375 0.95859375 0.109375 0.0828125
0 0.934375 0.896875 0.11796875 0.15390625
0 0.35390625 0.940625 0.0734375 0.11875
0 0.775 0.384375 0.08984375 0.1921875
0 0.721875 0.484375 0.10703125 0.13046875