0 0.31953125 0.28984375 0.165625 0.24375
0 0.44609375 0.33671875 0.18359375 0.26171875
0 0.609375 0.31640625 0.228125 0.27109375
0 0.63046875 0.56015625 0.17734375 0.2546875
0 0.5015625 0.54453125 0.1734375 0.26953125
0 0.35234375 0.51484375 0.175 0.24765625
0 0.2015625 0.42734375 0.175 0.24140625
0 0.17890625 0.62109375 0.1609375 0.228125
0 0.28125 0.6328125 0.153125 0.27265625
0 0.39453125 0.71171875 0.17734375 0.25859375
0 0.52421875 0.7921875 0.1859375 0.2765625
0 0.66171875 0.74921875 0.2140625 0.2578125
0 0.7328125 0.5703125 0.165625 0.25234375