0 0.5234375 0.51640625 0.17109375 0.2453125
0 0.425 0.3890625 0.15 0.25546875
0 0.61015625 0.37890625 0.15859375 0.25703125
0 0.73203125 0.3484375 0.14140625 0.240625
0 0.6859375 0.5453125 0.1703125 0.23359375
0 0.57421875 0.690625 0.13671875 0.22890625
0 0.59921875 0.234375 0.11953125 0.1609375
0 0.49140625 0.28359375 0.11953125 0.2109375
0 0.3421875 0.52265625 0.16875 0.20703125
0 0.4296875 0.678125 0.14453125 0.25
0 0.45390625 0.8109375 0.12109375 0.20234375
0 0.30625 0.70546875 0.1578125 0.18671875