0 0.76015625 0.17109375 0.12734375 0.171875
0 0.8796875 0.3375 0.1296875 0.1890625
0 0.478125 0.39921875 0.140625 0.19765625
0 0.3828125 0.4984375 0.15234375 0.27734375
0 0.26953125 0.64453125 0.17109375 0.26328125
0 0.23203125 0.7484375 0.146875 0.2109375
0 0.3828125 0.74375 0.1734375 0.25546875
0 0.459375 0.55234375 0.15 0.2359375
0 0.240625 0.3421875 0.16796875 0.19375
0 0.190625 0.49921875 0.13359375 0.2234375
0 0.14375 0.36953125 0.0859375 0.15234375
0 0.0765625 0.3203125 0.109375 0.153125
0 0.075 0.4421875 0.10703125 0.14921875
0 0.93984375 0.2671875 0.1203125 0.22109375
0 0.69453125 0.1515625 0.1125 0.19140625
0 0.76640625 0.7125 0.18046875 0.303125
0 0.9015625 0.64296875 0.12734375 0.228125
0 0.77109375 0.32109375 0.1171875 0.17421875