0 0.5625 0.646875 0.16796875 0.23125
0 0.73046875 0.58515625 0.1859375 0.2140625
0 0.7609375 0.81171875 0.159375 0.21640625
0 0.34921875 0.56796875 0.09140625 0.1390625
0 0.25703125 0.51796875 0.11484375 0.14453125
0 0.1671875 0.578125 0.11015625 0.1390625
0 0.62890625 0.49140625 0.16953125 0.19140625
0 0.453125 0.6578125 0.1234375 0.221875
0 0.3484375 0.71171875 0.103125 0.16875
0 0.21796875 0.7609375 0.11015625 0.1453125
0 0.1390625 0.70390625 0.115625 0.15234375
0 0.8625 0.715625 0.1453125 0.24375
0 0.6078125 0.834375 0.16328125 0.25703125