0 0.49609375 0.38359375 0.13984375 0.22734375
0 0.4921875 0.621875 0.1453125 0.2
0 0.09140625 0.42734375 0.1421875 0.28046875
0 0.40703125 0.51640625 0.146875 0.23203125
0 0.37265625 0.6578125 0.12734375 0.196875
0 0.40546875 0.80546875 0.1421875 0.23671875
0 0.39765625 0.325 0.11796875 0.1984375
0 0.546875 0.23984375 0.14609375 0.203125
0 0.6109375 0.36796875 0.15078125 0.1890625
0 0.58203125 0.51796875 0.15625 0.2296875
0 0.571875 0.671875 0.109375 0.18203125
0 0.52890625 0.796875 0.1421875 0.21796875
0 0.31953125 0.1109375 0.0796875 0.13515625
0 0.27421875 0.14609375 0.0796875 0.1375