0 0.3265625 0.2859375 0.1609375 0.23671875
0 0.44921875 0.33125 0.17890625 0.25390625
0 0.60859375 0.31171875 0.221875 0.26328125
0 0.62890625 0.54921875 0.17265625 0.246875
0 0.503125 0.53359375 0.16875 0.26171875
0 0.3578125 0.5046875 0.1703125 0.240625
0 0.2109375 0.41953125 0.1703125 0.234375
0 0.1890625 0.6078125 0.15703125 0.221875
0 0.2890625 0.61875 0.14921875 0.2640625
0 0.3984375 0.69609375 0.17265625 0.25078125
0 0.52578125 0.7734375 0.18125 0.26796875
0 0.65859375 0.73203125 0.20859375 0.25
0 0.728125 0.5578125 0.16171875 0.2453125