0 0.4046875 0.60703125 0.15078125 0.19765625
0 0.41015625 0.43203125 0.14140625 0.17109375
0 0.2640625 0.52109375 0.13671875 0.19921875
0 0.24609375 0.7203125 0.15546875 0.2234375
0 0.37734375 0.825 0.15390625 0.2140625
0 0.80078125 0.56640625 0.09921875 0.13046875
0 0.68984375 0.615625 0.11328125 0.1203125
0 0.83515625 0.68125 0.0953125 0.134375
0 0.903125 0.575 0.1015625 0.1234375
0 0.49453125 0.71640625 0.15078125 0.203125
0 0.71328125 0.50390625 0.10078125 0.12421875
0 0.7578125 0.678125 0.10546875 0.1375