0 0.578125 0.53515625 0.1296875 0.2375
0 0.465625 0.29609375 0.12890625 0.2453125
0 0.57421875 0.34140625 0.1375 0.21953125
0 0.42890625 0.47578125 0.1359375 0.2234375
0 0.4734375 0.67890625 0.14453125 0.26640625
0 0.61328125 0.7484375 0.11328125 0.19921875
0 0.38515625 0.86953125 0.06640625 0.1375
0 0.271875 0.27578125 0.05078125 0.1296875
0 0.21953125 0.25234375 0.05078125 0.1234375
0 0.175 0.1640625 0.0546875 0.10859375
0 0.134375 0.22265625 0.059375 0.11328125
0 0.178125 0.07421875 0.07109375 0.0984375