0 0.2296875 0.52890625 0.14140625 0.2203125
0 0.58203125 0.57421875 0.12421875 0.20234375
0 0.453125 0.56796875 0.13046875 0.19609375
0 0.33515625 0.4734375 0.125 0.20625
0 0.41484375 0.72265625 0.11953125 0.1828125
0 0.5296875 0.71171875 0.1234375 0.2171875
0 0.6015625 0.8484375 0.128125 0.19765625
0 0.69609375 0.56796875 0.13515625 0.18046875
0 0.60546875 0.4359375 0.125 0.1578125
0 0.53984375 0.27890625 0.1015625 0.1453125
0 0.5046875 0.40390625 0.084375 0.16953125
0 0.43984375 0.2546875 0.109375 0.16875
0 0.15546875 0.40546875 0.1265625 0.2015625
0 0.3015625 0.6203125 0.0890625 0.12890625