0 0.51953125 0.521875 0.17578125 0.25234375
0 0.41796875 0.39140625 0.15390625 0.26328125
0 0.6078125 0.38046875 0.1625 0.26484375
0 0.73359375 0.34921875 0.1453125 0.24765625
0 0.6859375 0.5515625 0.175 0.240625
0 0.57109375 0.70078125 0.140625 0.2359375
0 0.596875 0.23125 0.12265625 0.16640625
0 0.4859375 0.28203125 0.12265625 0.2171875
0 0.3328125 0.528125 0.17265625 0.21328125
0 0.4234375 0.68828125 0.1484375 0.2578125
0 0.446875 0.82578125 0.12421875 0.20859375
0 0.29609375 0.71640625 0.16171875 0.19296875