0 0.49453125 0.4046875 0.12421875 0.178125
0 0.4875 0.6953125 0.11796875 0.18046875
0 0.51484375 0.58515625 0.13046875 0.1734375
0 0.6015625 0.71328125 0.12265625 0.190625
0 0.509375 0.865625 0.1265625 0.19375
0 0.44140625 0.92421875 0.1203125 0.1515625
0 0.37890625 0.815625 0.103125 0.16015625
0 0.3921875 0.65 0.12109375 0.19765625
0 0.3046875 0.5328125 0.15078125 0.18046875
0 0.58359375 0.51875 0.103125 0.13515625
0 0.7859375 0.54765625 0.0828125 0.14921875
0 0.79609375 0.678125 0.08203125 0.140625
0 0.7265625 0.61796875 0.08515625 0.134375
0 0.8921875 0.6984375 0.0921875 0.1421875
0 0.83671875 0.79296875 0.09296875 0.14140625
0 0.89609375 0.86015625 0.0890625 0.12890625
0 0.96171875 0.896875 0.0765625 0.146875
0 0.9546875 0.7671875 0.08984375 0.1515625
0 0.85859375 0.5546875 0.0734375 0.134375
0 0.903125 0.55546875 0.084375 0.13359375
0 0.50546875 0.15546875 0.0765625 0.11875
0 0.48359375 0.0515625 0.07578125 0.10234375
0 0.39140625 0.03671875 0.0703125 0.07265625
0 0.3796875 0.08984375 0.0671875 0.0828125
0 0.4125 0.175 0.05078125 0.08125
0 0.35 0.140625 0.05859375 0.10078125
0 0.0171875 0.5890625 0.034375 0.15703125
0 0.746875 0.8546875 0.16953125 0.20390625