0 0.63125 0.3921875 0.1296875 0.1953125
0 0.7765625 0.40234375 0.12734375 0.17890625
0 0.6765625 0.23515625 0.13984375 0.2203125
0 0.55546875 0.6328125 0.1265625 0.20625
0 0.68515625 0.58671875 0.1375 0.215625
0 0.82734375 0.60234375 0.18125 0.24765625
0 0.246875 0.3234375 0.0921875 0.11640625
0 0.1421875 0.353125 0.10078125 0.09921875
0 0.18046875 0.56484375 0.0921875 0.15703125
0 0.2421875 0.45 0.10859375 0.1296875
0 0.51328125 0.475 0.1484375 0.20859375
0 0.7375 0.771875 0.15234375 0.2390625
0 0.93671875 0.1203125 0.12578125 0.21171875
0 0.69296875 0.0984375 0.140625 0.196875
0 0.78203125 0.2265625 0.1046875 0.196875
0 0.37734375 0.325 0.10859375 0.12109375
0 0.253125 0.55703125 0.090625 0.1328125
0 0.21640625 0.66953125 0.10546875 0.1203125
0 0.15 0.453125 0.09921875 0.1546875
0 0.18203125 0.28359375 0.08046875 0.08203125
0 0.32109375 0.384375 0.0859375 0.11171875