0 0.3921875 0.18359375 0.190625 0.246875
0 0.15859375 0.440625 0.19375 0.2609375
0 0.72734375 0.27109375 0.17421875 0.3125
0 0.21953125 0.2109375 0.19921875 0.2515625
0 0.56640625 0.2484375 0.16640625 0.2703125
0 0.3921875 0.40546875 0.1859375 0.23671875
0 0.2859375 0.53984375 0.1546875 0.1765625
0 0.246875 0.8140625 0.18671875 0.2390625
0 0.4 0.73515625 0.18671875 0.27734375
0 0.61875 0.70546875 0.18046875 0.29375
0 0.7328125 0.58515625 0.1703125 0.2578125
0 0.72578125 0.2765625 0.1875 0.27734375