0 0.2640625 0.1703125 0.153125 0.1984375
0 0.23046875 0.27265625 0.14296875 0.17890625
0 0.1984375 0.425 0.17109375 0.20390625
0 0.3953125 0.71171875 0.13125 0.196875
0 0.47890625 0.7828125 0.12890625 0.1578125
0 0.38046875 0.83671875 0.12734375 0.171875
0 0.5 0.66015625 0.0984375 0.1640625
0 0.49296875 0.60703125 0.12890625 0.146875
0 0.52265625 0.48125 0.1171875 0.1625
0 0.61953125 0.3078125 0.10625 0.1734375
0 0.70703125 0.27578125 0.12421875 0.19765625
0 0.76015625 0.43046875 0.103125 0.19453125
0 0.66640625 0.3890625 0.10703125 0.21875