0 0.28671875 0.203125 0.1234375 0.165625
0 0.1703125 0.36328125 0.125 0.18203125
0 0.55859375 0.4234375 0.1359375 0.190625
0 0.65078125 0.51875 0.14765625 0.26796875
0 0.76015625 0.66015625 0.165625 0.25390625
0 0.79609375 0.759375 0.14140625 0.203125
0 0.65078125 0.75546875 0.16796875 0.24609375
0 0.57734375 0.57109375 0.1453125 0.22734375
0 0.78828125 0.36796875 0.1625 0.18671875
0 0.8359375 0.5203125 0.1296875 0.215625
0 0.88125 0.3953125 0.0828125 0.146875
0 0.946875 0.346875 0.10546875 0.14765625
0 0.94765625 0.46484375 0.10390625 0.14375
0 0.08984375 0.296875 0.1625 0.2125
0 0.35 0.18515625 0.10859375 0.184375
0 0.28046875 0.72578125 0.17421875 0.2921875
0 0.14921875 0.6578125 0.1234375 0.2203125
0 0.27578125 0.3484375 0.11328125 0.16796875