0 0.57578125 0.5296875 0.13125 0.24140625
0 0.46171875 0.28671875 0.13125 0.24921875
0 0.571875 0.3328125 0.13984375 0.2234375
0 0.42421875 0.46953125 0.13828125 0.22734375
0 0.4703125 0.67578125 0.146875 0.27109375
0 0.61171875 0.746875 0.115625 0.20234375
0 0.3796875 0.8703125 0.0671875 0.13984375
0 0.26484375 0.265625 0.0515625 0.13203125
0 0.21171875 0.2421875 0.0515625 0.12578125
0 0.16640625 0.15234375 0.05546875 0.11015625
0 0.125 0.2125 0.06015625 0.11484375
0 0.16953125 0.0609375 0.07265625 0.1