0 0.31328125 0.10546875 0.1328125 0.1015625
0 0.3828125 0.18046875 0.11328125 0.10859375
0 0.25 0.15546875 0.09921875 0.13046875
0 0.21484375 0.065625 0.11328125 0.096875
0 0.35078125 0.03828125 0.1453125 0.0765625
0 0.35859375 0.36953125 0.121875 0.18125
0 0.43203125 0.46953125 0.20234375 0.17265625
0 0.51640625 0.59765625 0.16640625 0.15859375
0 0.365625 0.5453125 0.178125 0.1421875
0 0.40390625 0.67265625 0.1359375 0.18515625
0 0.22265625 0.6546875 0.1546875 0.12578125
0 0.2890625 0.75546875 0.14609375 0.1015625
0 0.184375 0.76328125 0.0984375 0.11328125
0 0.08671875 0.84375 0.14140625 0.1015625
0 0.1734375 0.884375 0.159375 0.1125
0 0.28515625 0.90546875 0.1703125 0.12734375
0 0.71875 0.6078125 0.1640625 0.15234375
0 0.915625 0.55234375 0.16796875 0.1171875
0 0.8890625 0.35859375 0.16484375 0.11953125
0 0.775 0.30703125 0.15234375 0.128125
0 0.71171875 0.39921875 0.15390625 0.12109375
0 0.8546875 0.71796875 0.1125 0.1515625
0 0.94453125 0.67265625 0.1109375 0.1671875
0 0.778125 0.7015625 0.13125 0.19609375