0 0.57734375 0.47890625 0.125 0.2046875
0 0.66171875 0.44296875 0.1046875 0.21484375
0 0.75390625 0.709375 0.14609375 0.240625
0 0.87890625 0.6546875 0.16640625 0.2265625
0 0.89609375 0.48359375 0.15078125 0.2265625
0 0.52421875 0.33125 0.15234375 0.171875
0 0.3890625 0.3578125 0.059375 0.1625
0 0.31328125 0.5015625 0.09375 0.16875
0 0.19296875 0.6046875 0.16640625 0.18359375
0 0.30859375 0.690625 0.14453125 0.15078125
0 0.41796875 0.61875 0.121875 0.203125
0 0.1953125 0.74765625 0.16875 0.18671875
0 0.2890625 0.846875 0.15234375 0.16484375