0 0.3046875 0.3 0.175 0.25625
0 0.4375 0.34921875 0.19375 0.275
0 0.6109375 0.328125 0.240625 0.2859375
0 0.6328125 0.58515625 0.1875 0.26796875
0 0.49609375 0.56796875 0.1828125 0.28359375
0 0.3390625 0.53671875 0.184375 0.2609375
0 0.17890625 0.44453125 0.184375 0.25390625
0 0.15546875 0.6484375 0.1703125 0.240625
0 0.2640625 0.6609375 0.16171875 0.28671875
0 0.3828125 0.74453125 0.1875 0.27265625
0 0.5203125 0.82890625 0.196875 0.29140625
0 0.665625 0.78359375 0.22578125 0.271875
0 0.740625 0.59453125 0.175 0.26640625