0 0.5828125 0.5640625 0.096875 0.1734375
0 0.6734375 0.49453125 0.11015625 0.17890625
0 0.71640625 0.32265625 0.0828125 0.15078125
0 0.62734375 0.315625 0.103125 0.1546875
0 0.83203125 0.2890625 0.09453125 0.14375
0 0.78359375 0.51640625 0.1015625 0.14296875
0 0.40625 0.61328125 0.13203125 0.18828125
0 0.3296875 0.70390625 0.125 0.184375
0 0.22890625 0.76484375 0.12109375 0.18359375
0 0.32421875 0.8921875 0.1234375 0.17578125
0 0.128125 0.82109375 0.1125 0.19921875
0 0.28828125 0.52578125 0.1125 0.17890625
0 0.50703125 0.6375 0.11484375 0.19609375
0 0.5453125 0.36328125 0.0890625 0.1328125
0 0.51953125 0.24296875 0.08984375 0.1265625
0 0.75390625 0.20234375 0.07890625 0.10859375
0 0.72890625 0.43359375 0.1125 0.1359375
0 0.653125 0.61953125 0.096875 0.165625