0 0.62890625 0.44921875 0.203125 0.2734375
0 0.4640625 0.584375 0.2140625 0.296875
0 0.12109375 0.72109375 0.1671875 0.28671875
0 0.4140625 0.421875 0.21484375 0.271875
0 0.56015625 0.215625 0.22421875 0.3015625
0 0.703125 0.63203125 0.23515625 0.31484375
0 0.72890625 0.3953125 0.1890625 0.30390625
0 0.52421875 0.8015625 0.215625 0.33984375
0 0.68125 0.79765625 0.1359375 0.23359375
0 0.25390625 0.61796875 0.18359375 0.25390625
0 0.275 0.8625 0.2125 0.275
0 0.06640625 0.63515625 0.13203125 0.30078125
0 0.08828125 0.878125 0.17578125 0.24375
0 0.803125 0.1890625 0.1734375 0.23671875
0 0.92578125 0.14296875 0.1484375 0.2484375
0 0.98125 0.2078125 0.0375 0.36875
0 0.86171875 0.03515625 0.165625 0.0703125