0 0.5484375 0.58671875 0.21796875 0.1515625
0 0.6796875 0.4328125 0.2171875 0.146875
0 0.475 0.46796875 0.19765625 0.1328125
0 0.396875 0.38046875 0.15234375 0.11484375
0 0.36953125 0.61640625 0.18671875 0.1109375
0 0.4984375 0.70625 0.1765625 0.125
0 0.83125 0.57578125 0.0984375 0.0640625
0 0.934375 0.59609375 0.09921875 0.08515625
0 0.946875 0.68515625 0.10234375 0.0828125
0 0.93828125 0.4828125 0.11171875 0.09296875
0 0.9109375 0.53671875 0.14140625 0.0734375
0 0.15390625 0.934375 0.2296875 0.13125
0 0.07578125 0.66875 0.1125 0.0734375
0 0.17578125 0.68515625 0.115625 0.07109375
0 0.70234375 0.55625 0.209375 0.1578125