0 0.48203125 0.38828125 0.13359375 0.21796875
0 0.4859375 0.6171875 0.1390625 0.1921875
0 0.86953125 0.43046875 0.13671875 0.26953125
0 0.5671875 0.515625 0.140625 0.22265625
0 0.6 0.6515625 0.121875 0.1890625
0 0.56875 0.79296875 0.1359375 0.22734375
0 0.57578125 0.33203125 0.1125 0.190625
0 0.4328125 0.25078125 0.13984375 0.1953125
0 0.371875 0.3734375 0.14453125 0.18125
0 0.4 0.5171875 0.15 0.2203125
0 0.41015625 0.665625 0.1046875 0.175
0 0.45078125 0.78515625 0.1359375 0.20859375
0 0.65078125 0.1265625 0.0765625 0.13046875
0 0.69453125 0.16015625 0.07578125 0.13203125