0 0.27734375 0.2265625 0.11796875 0.15859375
0 0.16640625 0.38046875 0.1203125 0.17421875
0 0.53828125 0.4375 0.1296875 0.1828125
0 0.6265625 0.52890625 0.14140625 0.25625
0 0.73046875 0.6640625 0.15859375 0.24375
0 0.765625 0.76015625 0.1359375 0.19453125
0 0.6265625 0.75546875 0.1609375 0.2359375
0 0.55625 0.57890625 0.1390625 0.21796875
0 0.7578125 0.38515625 0.15546875 0.17890625
0 0.80390625 0.53046875 0.12421875 0.20625
0 0.846875 0.41015625 0.0796875 0.140625
0 0.91015625 0.36484375 0.10078125 0.14140625
0 0.9109375 0.47734375 0.09921875 0.1375
0 0.08984375 0.31640625 0.15625 0.203125
0 0.33828125 0.209375 0.10390625 0.17734375
0 0.271875 0.72734375 0.1671875 0.2796875
0 0.14609375 0.6625 0.11796875 0.2109375
0 0.2671875 0.365625 0.10859375 0.1609375