0 0.375 0.47421875 0.21015625 0.284375
0 0.54609375 0.61484375 0.221875 0.30859375
0 0.9015625 0.75703125 0.1734375 0.29765625
0 0.59765625 0.44609375 0.22265625 0.28203125
0 0.446875 0.23203125 0.23203125 0.31328125
0 0.2984375 0.6640625 0.24375 0.32734375
0 0.271875 0.41875 0.19609375 0.315625
0 0.484375 0.83125 0.221875 0.33671875
0 0.32109375 0.8359375 0.14140625 0.2421875
0 0.7640625 0.65 0.190625 0.2640625
0 0.7421875 0.88046875 0.2203125 0.2390625
0 0.9453125 0.6671875 0.109375 0.3125
0 0.92265625 0.896875 0.1546875 0.20625
0 0.19453125 0.20390625 0.1796875 0.2453125
0 0.07265625 0.15546875 0.1453125 0.2578125
0 0.01484375 0.22421875 0.0296875 0.3828125
0 0.134375 0.040625 0.17109375 0.08125