0 0.26015625 0.17421875 0.15390625 0.19921875
0 0.2265625 0.2765625 0.14375 0.1796875
0 0.1953125 0.43046875 0.17265625 0.20546875
0 0.3921875 0.71796875 0.1328125 0.1984375
0 0.47734375 0.7890625 0.1296875 0.15859375
0 0.37734375 0.84375 0.128125 0.1734375
0 0.49765625 0.66640625 0.0984375 0.16484375
0 0.49140625 0.6125 0.1296875 0.14765625
0 0.52109375 0.4859375 0.11796875 0.16328125
0 0.61875 0.3125 0.10703125 0.17421875
0 0.70703125 0.2796875 0.125 0.1984375
0 0.76015625 0.43515625 0.10390625 0.1953125
0 0.66640625 0.39375 0.1078125 0.21953125