0 0.28671875 0.17890625 0.14765625 0.190625
0 0.2546875 0.2765625 0.1375 0.171875
0 0.22421875 0.4234375 0.16484375 0.19609375
0 0.41328125 0.69921875 0.1265625 0.1890625
0 0.49453125 0.76640625 0.12421875 0.15234375
0 0.39921875 0.81875 0.12265625 0.165625
0 0.5140625 0.64921875 0.09453125 0.1578125
0 0.5078125 0.59765625 0.12421875 0.140625
0 0.53671875 0.47734375 0.11328125 0.15625
0 0.6296875 0.3109375 0.10234375 0.16640625
0 0.7140625 0.2796875 0.1203125 0.18984375
0 0.765625 0.428125 0.09921875 0.18671875
0 0.675 0.3890625 0.103125 0.21015625