0 0.4515625 0.58671875 0.21796875 0.1515625
0 0.3203125 0.4328125 0.2171875 0.146875
0 0.525 0.46796875 0.19765625 0.1328125
0 0.603125 0.38046875 0.15234375 0.11484375
0 0.63046875 0.61640625 0.18671875 0.1109375
0 0.5015625 0.70625 0.1765625 0.125
0 0.16875 0.57578125 0.0984375 0.0640625
0 0.065625 0.59609375 0.09921875 0.08515625
0 0.053125 0.68515625 0.10234375 0.0828125
0 0.06171875 0.4828125 0.11171875 0.09296875
0 0.0890625 0.53671875 0.14140625 0.0734375
0 0.84609375 0.934375 0.2296875 0.13125
0 0.92421875 0.66875 0.1125 0.0734375
0 0.82421875 0.68515625 0.115625 0.07109375
0 0.29765625 0.55625 0.209375 0.1578125