0 0.53515625 0.65078125 0.2171875 0.13515625
0 0.47109375 0.5328125 0.17578125 0.11953125
0 0.384375 0.45625 0.178125 0.115625
0 0.32265625 0.37578125 0.1671875 0.12421875
0 0.44453125 0.29453125 0.1734375 0.1203125
0 0.57109375 0.44921875 0.2109375 0.1359375
0 0.66953125 0.5640625 0.2328125 0.12578125
0 0.64765625 0.7671875 0.2078125 0.1375
0 0.75703125 0.49140625 0.21875 0.14921875
0 0.40546875 0.7078125 0.1703125 0.15234375
0 0.3828125 0.59609375 0.2109375 0.13515625
0 0.0703125 0.21953125 0.13984375 0.153125
0 0.05 0.3515625 0.1 0.16796875
0 0.6671875 0.38359375 0.18984375 0.11953125
0 0.60703125 0.9078125 0.16484375 0.1328125
0 0.78671875 0.89609375 0.196875 0.14296875
0 0.5078125 0.83125 0.215625 0.16640625