0 0.50234375 0.50078125 0.19453125 0.18359375
0 0.6921875 0.49609375 0.1953125 0.16484375
0 0.41640625 0.384375 0.2046875 0.1671875
0 0.60859375 0.3734375 0.18671875 0.19453125
0 0.5890625 0.615625 0.18671875 0.18828125
0 0.415625 0.62265625 0.175 0.175
0 0.56796875 0.7734375 0.1890625 0.19921875
0 0.43359375 0.78828125 0.1453125 0.18671875
0 0.6765625 0.8015625 0.159375 0.1734375
0 0.72890625 0.64765625 0.17421875 0.1640625
0 0.82265625 0.54921875 0.13125 0.1515625
0 0.79375 0.38828125 0.19609375 0.1578125
0 0.69296875 0.2421875 0.1890625 0.184375
0 0.52109375 0.27109375 0.1546875 0.17421875
0 0.62890625 0.1421875 0.1828125 0.175
0 0.86953125 0.25703125 0.18984375 0.17734375