0 0.47890625 0.39296875 0.13203125 0.2140625
0 0.4828125 0.6171875 0.13671875 0.18828125
0 0.86015625 0.434375 0.134375 0.2640625
0 0.56328125 0.51796875 0.13828125 0.21796875
0 0.5953125 0.65078125 0.11953125 0.18515625
0 0.56484375 0.78984375 0.13359375 0.22265625
0 0.571875 0.3375 0.1109375 0.18671875
0 0.43125 0.2578125 0.1375 0.19140625
0 0.37109375 0.378125 0.1421875 0.178125
0 0.3984375 0.51953125 0.14765625 0.21640625
0 0.4078125 0.66484375 0.103125 0.171875
0 0.4484375 0.78203125 0.13359375 0.2046875
0 0.6453125 0.13671875 0.075 0.12734375
0 0.68828125 0.16953125 0.075 0.1296875