0 0.53046875 0.528125 0.1734375 0.21171875
0 0.528125 0.73203125 0.13671875 0.2609375
0 0.68046875 0.6140625 0.14921875 0.2234375
0 0.64921875 0.39375 0.15390625 0.2203125
0 0.59140625 0.17734375 0.1296875 0.21015625
0 0.42578125 0.5453125 0.15 0.215625
0 0.62421875 0.8875 0.13359375 0.22421875
0 0.75390625 0.4765625 0.13984375 0.24375
0 0.728125 0.8328125 0.1296875 0.2453125
0 0.44296875 0.73203125 0.10859375 0.26015625
0 0.5328125 0.9171875 0.14140625 0.165625
0 0.515625 0.36328125 0.1515625 0.22421875