0 0.51953125 0.38671875 0.11484375 0.16484375
0 0.5265625 0.65546875 0.109375 0.1671875
0 0.5015625 0.55390625 0.1203125 0.1609375
0 0.42109375 0.671875 0.11328125 0.1765625
0 0.50625 0.81328125 0.1171875 0.1796875
0 0.56796875 0.8828125 0.1109375 0.16953125
0 0.6265625 0.7671875 0.0953125 0.1484375
0 0.6140625 0.61328125 0.11171875 0.1828125
0 0.6953125 0.50546875 0.1390625 0.1671875
0 0.43828125 0.4921875 0.0953125 0.125
0 0.25078125 0.51875 0.0765625 0.13828125
0 0.24140625 0.63984375 0.07578125 0.1296875
0 0.30546875 0.584375 0.078125 0.12421875
0 0.15234375 0.65859375 0.08515625 0.13125
0 0.20390625 0.74609375 0.0859375 0.13046875
0 0.14921875 0.8078125 0.08203125 0.11953125
0 0.07578125 0.84296875 0.09140625 0.13671875
0 0.0453125 0.93515625 0.090625 0.1296875
0 0.09375 0.7234375 0.08203125 0.13828125
0 0.18359375 0.525 0.06796875 0.12421875
0 0.1421875 0.5265625 0.078125 0.1234375
0 0.51015625 0.15625 0.0703125 0.109375
0 0.5296875 0.05390625 0.06953125 0.1078125
0 0.615625 0.03984375 0.06484375 0.0796875
0 0.6265625 0.0953125 0.0625 0.0765625
0 0.59609375 0.17421875 0.046875 0.075
0 0.65390625 0.1421875 0.0546875 0.09375
0 0.97265625 0.5578125 0.0546875 0.1453125
0 0.2875 0.803125 0.15625 0.18828125