0 0.52734375 0.6453125 0.2125 0.13359375
0 0.4640625 0.52890625 0.171875 0.1171875
0 0.3796875 0.45390625 0.175 0.1140625
0 0.31875 0.37421875 0.1640625 0.12265625
0 0.43828125 0.29453125 0.16953125 0.11875
0 0.5625 0.446875 0.20625 0.13359375
0 0.659375 0.559375 0.228125 0.1234375
0 0.6375 0.76015625 0.20390625 0.13515625
0 0.74453125 0.48828125 0.2140625 0.146875
0 0.4 0.70078125 0.1671875 0.15
0 0.37734375 0.59140625 0.20703125 0.1328125
0 0.0703125 0.2203125 0.140625 0.15
0 0.0515625 0.35078125 0.103125 0.16484375
0 0.65703125 0.38203125 0.1859375 0.11796875
0 0.59765625 0.89765625 0.16171875 0.13125
0 0.77421875 0.88671875 0.19296875 0.140625
0 0.5 0.821875 0.2109375 0.1640625