0 0.48046875 0.38359375 0.11328125 0.16171875
0 0.47421875 0.64765625 0.1078125 0.1640625
0 0.4984375 0.54765625 0.11875 0.1578125
0 0.578125 0.6640625 0.11171875 0.17265625
0 0.49375 0.80234375 0.11484375 0.17578125
0 0.43359375 0.87109375 0.109375 0.165625
0 0.37578125 0.75703125 0.09375 0.1453125
0 0.3875 0.60625 0.11015625 0.17890625
0 0.3078125 0.50078125 0.13671875 0.16328125
0 0.5609375 0.4875 0.09375 0.12265625
0 0.7453125 0.5140625 0.075 0.13515625
0 0.7546875 0.63203125 0.075 0.12734375
0 0.69140625 0.57734375 0.07734375 0.121875
0 0.84140625 0.65078125 0.08359375 0.12890625
0 0.79140625 0.73671875 0.08515625 0.128125
0 0.84453125 0.796875 0.08046875 0.1171875
0 0.9171875 0.83203125 0.090625 0.13359375
0 0.95 0.9296875 0.090625 0.13984375
0 0.9 0.71484375 0.08046875 0.1359375
0 0.8109375 0.51953125 0.0671875 0.121875
0 0.8515625 0.52109375 0.0765625 0.12109375
0 0.490625 0.1578125 0.06953125 0.10703125
0 0.47109375 0.05546875 0.06875 0.11015625
0 0.3875 0.04296875 0.06328125 0.08203125
0 0.37578125 0.0984375 0.0609375 0.075
0 0.40546875 0.17578125 0.04609375 0.0734375
0 0.3484375 0.14453125 0.05390625 0.09140625
0 0.03125 0.5515625 0.06171875 0.1421875
0 0.709375 0.7921875 0.15390625 0.184375