0 0.43671875 0.65703125 0.17421875 0.23984375
0 0.2625 0.59296875 0.19296875 0.221875
0 0.23125 0.82734375 0.16484375 0.22421875
0 0.6578125 0.575 0.09453125 0.14453125
0 0.75390625 0.52265625 0.11875 0.15
0 0.84765625 0.5859375 0.1140625 0.14453125
0 0.36796875 0.4953125 0.17578125 0.1984375
0 0.55078125 0.66796875 0.128125 0.2296875
0 0.659375 0.72421875 0.10703125 0.175
0 0.79453125 0.775 0.1140625 0.15078125
0 0.8765625 0.715625 0.1203125 0.1578125
0 0.125 0.728125 0.15078125 0.25234375
0 0.38984375 0.85078125 0.16953125 0.26640625