0 0.56015625 0.3609375 0.10703125 0.1828125
0 0.5171875 0.53984375 0.1109375 0.18359375
0 0.45625 0.40078125 0.1109375 0.184375
0 0.39375 0.50078125 0.13203125 0.16796875
0 0.4703125 0.6359375 0.11640625 0.1859375
0 0.38203125 0.6484375 0.0921875 0.16953125
0 0.2734375 0.56640625 0.128125 0.1640625
0 0.2203125 0.6203125 0.06484375 0.1125
0 0.31640625 0.43671875 0.12421875 0.171875
0 0.3890625 0.3390625 0.11171875 0.19296875
0 0.246875 0.38984375 0.13359375 0.14140625
0 0.49609375 0.275 0.10625 0.1640625
0 0.5890625 0.58828125 0.1109375 0.18984375