0 0.59296875 0.59453125 0.14765625 0.19296875
0 0.5875 0.42421875 0.13828125 0.1671875
0 0.73046875 0.5109375 0.13359375 0.19453125
0 0.74765625 0.70546875 0.15234375 0.21796875
0 0.6203125 0.8078125 0.15078125 0.209375
0 0.20546875 0.55546875 0.09765625 0.12734375
0 0.31484375 0.603125 0.11015625 0.1171875
0 0.17265625 0.6671875 0.09296875 0.13125
0 0.10625 0.5640625 0.09921875 0.12109375
0 0.50546875 0.70234375 0.146875 0.1984375
0 0.29140625 0.49453125 0.0984375 0.121875
0 0.2484375 0.6640625 0.103125 0.134375