0 0.62890625 0.39765625 0.12890625 0.19453125
0 0.7734375 0.4078125 0.1265625 0.178125
0 0.67421875 0.24140625 0.1390625 0.21875
0 0.55390625 0.63671875 0.12578125 0.20546875
0 0.6828125 0.59140625 0.13671875 0.21484375
0 0.82421875 0.60703125 0.1796875 0.24609375
0 0.246875 0.32890625 0.0921875 0.115625
0 0.14296875 0.35859375 0.1 0.09921875
0 0.18125 0.56953125 0.0921875 0.15625
0 0.2421875 0.4546875 0.1078125 0.12890625
0 0.51171875 0.48046875 0.14765625 0.20703125
0 0.73359375 0.775 0.1515625 0.2375
0 0.93515625 0.12734375 0.1296875 0.21015625
0 0.68984375 0.103125 0.13984375 0.20078125
0 0.77890625 0.2328125 0.10390625 0.19609375
0 0.3765625 0.33046875 0.1078125 0.1203125
0 0.253125 0.56171875 0.08984375 0.13203125
0 0.2171875 0.67421875 0.1046875 0.11953125
0 0.15078125 0.4578125 0.0984375 0.15390625
0 0.1828125 0.28984375 0.08046875 0.08203125
0 0.3203125 0.38984375 0.08515625 0.11171875