0 0.32109375 0.58046875 0.14453125 0.21640625
0 0.19609375 0.52421875 0.13125 0.1953125
0 0.26484375 0.38515625 0.12890625 0.22421875
0 0.31171875 0.76640625 0.12578125 0.1984375
0 0.1953125 0.7140625 0.1328125 0.203125
0 0.39765625 0.40234375 0.13515625 0.2640625
0 0.15078125 0.38515625 0.140625 0.1796875
0 0.103125 0.59921875 0.10859375 0.18671875
0 0.39765625 0.61796875 0.10390625 0.2046875
0 0.9015625 0.28203125 0.0890625 0.146875
0 0.1390625 0.121875 0.1390625 0.20703125
0 0.15703125 0.2625 0.115625 0.140625