0 0.3875 0.4328125 0.1375 0.22578125
0 0.2953125 0.39375 0.115625 0.23671875
0 0.19296875 0.6875 0.1609375 0.265625
0 0.075 0.62734375 0.14921875 0.2484375
0 0.06015625 0.43671875 0.1203125 0.2515625
0 0.44609375 0.27109375 0.1671875 0.18984375
0 0.5953125 0.29921875 0.065625 0.17890625
0 0.67890625 0.45859375 0.103125 0.1859375
0 0.8109375 0.57265625 0.18359375 0.203125
0 0.68359375 0.66640625 0.159375 0.165625
0 0.56328125 0.5875 0.13359375 0.2234375
0 0.80859375 0.7296875 0.1859375 0.20625
0 0.7046875 0.8390625 0.16796875 0.18203125