0 0.421875 0.5515625 0.09296875 0.16640625
0 0.334375 0.48515625 0.10625 0.171875
0 0.29296875 0.3203125 0.0796875 0.14453125
0 0.37890625 0.31328125 0.09921875 0.1484375
0 0.18125 0.2875 0.09140625 0.13828125
0 0.228125 0.50546875 0.0984375 0.1375
0 0.5921875 0.5984375 0.12734375 0.18125
0 0.665625 0.6859375 0.1203125 0.17734375
0 0.76328125 0.74453125 0.1171875 0.17578125
0 0.67109375 0.86640625 0.11875 0.16953125
0 0.86015625 0.7984375 0.10859375 0.19140625
0 0.70546875 0.51484375 0.10859375 0.171875
0 0.49453125 0.62265625 0.1109375 0.18828125
0 0.4578125 0.35859375 0.08515625 0.128125
0 0.4828125 0.24296875 0.08671875 0.121875
0 0.25703125 0.20390625 0.07578125 0.10390625
0 0.28125 0.4265625 0.1078125 0.13046875
0 0.35390625 0.6046875 0.09296875 0.159375