0 0.6265625 0.39609375 0.128125 0.1921875
0 0.76953125 0.40625 0.12578125 0.1765625
0 0.67109375 0.24140625 0.13828125 0.2171875
0 0.5515625 0.63359375 0.125 0.203125
0 0.6796875 0.58828125 0.1359375 0.2125
0 0.8203125 0.60390625 0.17890625 0.24375
0 0.246875 0.328125 0.09140625 0.11484375
0 0.14375 0.3578125 0.1 0.09765625
0 0.18125 0.56640625 0.09140625 0.1546875
0 0.24296875 0.453125 0.10703125 0.128125
0 0.509375 0.478125 0.146875 0.20546875
0 0.73046875 0.7703125 0.15078125 0.23515625
0 0.93359375 0.12890625 0.1328125 0.2078125
0 0.6875 0.10390625 0.13828125 0.1984375
0 0.775 0.23359375 0.103125 0.19453125
0 0.37578125 0.3296875 0.10703125 0.11953125
0 0.253125 0.559375 0.08984375 0.13046875
0 0.2171875 0.66953125 0.10390625 0.11875
0 0.1515625 0.45625 0.09765625 0.15234375
0 0.1828125 0.2890625 0.0796875 0.08125
0 0.3203125 0.3890625 0.084375 0.11015625