0 0.6953125 0.1234375 0.134375 0.103125
0 0.62421875 0.19921875 0.11484375 0.11015625
0 0.75859375 0.17421875 0.10078125 0.13203125
0 0.79453125 0.0828125 0.11484375 0.0984375
0 0.65625 0.046875 0.14765625 0.09375
0 0.6484375 0.390625 0.1234375 0.18359375
0 0.57421875 0.4921875 0.20546875 0.175
0 0.4890625 0.621875 0.16875 0.1609375
0 0.64140625 0.56875 0.18125 0.14453125
0 0.603125 0.6984375 0.13828125 0.1875
0 0.78671875 0.6796875 0.15703125 0.128125
0 0.71953125 0.78203125 0.14765625 0.103125
0 0.82578125 0.790625 0.1 0.115625
0 0.92421875 0.871875 0.14375 0.103125
0 0.83671875 0.91328125 0.16171875 0.1140625
0 0.7234375 0.934375 0.17265625 0.1296875
0 0.2828125 0.6328125 0.16640625 0.1546875
0 0.084375 0.57578125 0.16875 0.11875
0 0.1109375 0.3796875 0.1671875 0.121875
0 0.2265625 0.328125 0.15390625 0.1296875
0 0.290625 0.42109375 0.15625 0.1234375
0 0.1453125 0.74453125 0.1140625 0.153125
0 0.0546875 0.7 0.109375 0.16875
0 0.2234375 0.728125 0.13359375 0.1984375