0 0.71953125 0.55703125 0.11953125 0.15546875
0 0.8109375 0.50234375 0.1109375 0.1453125
0 0.6125 0.521875 0.096875 0.159375
0 0.1953125 0.409375 0.09296875 0.16640625
0 0.16953125 0.571875 0.10078125 0.15546875
0 0.671875 0.40546875 0.0953125 0.13359375
0 0.28984375 0.59453125 0.10703125 0.13828125
0 0.54453125 0.6171875 0.1046875 0.1375
0 0.54140625 0.4953125 0.09453125 0.14140625
0 0.7703125 0.3828125 0.09453125 0.16015625
0 0.65546875 0.6640625 0.1109375 0.1734375
0 0.58671875 0.73359375 0.09375 0.17890625
0 0.49921875 0.73828125 0.0984375 0.16796875
0 0.34765625 0.70078125 0.0875 0.13125
0 0.36953125 0.60234375 0.08203125 0.13515625
0 0.2609375 0.7125 0.09375 0.14296875
0 0.18671875 0.93671875 0.10078125 0.1265625
0 0.11640625 0.853125 0.109375 0.1421875
0 0.6546875 0.9125 0.0671875 0.14140625
0 0.26328125 0.3796875 0.08359375 0.17734375
0 0.3125 0.471875 0.09921875 0.1203125