0 0.59140625 0.4328125 0.18984375 0.25625
0 0.43671875 0.559375 0.20078125 0.278125
0 0.11484375 0.6875 0.15703125 0.26875
0 0.38984375 0.4078125 0.2015625 0.25390625
0 0.52734375 0.2140625 0.21015625 0.28203125
0 0.6609375 0.60390625 0.22109375 0.2953125
0 0.6859375 0.38203125 0.17734375 0.284375
0 0.49296875 0.7625 0.20234375 0.31796875
0 0.640625 0.75859375 0.128125 0.21875
0 0.23984375 0.590625 0.17265625 0.23828125
0 0.2609375 0.83359375 0.2 0.284375
0 0.06328125 0.60625 0.12578125 0.28203125
0 0.08359375 0.859375 0.16640625 0.27734375
0 0.7546875 0.1890625 0.1625 0.22109375
0 0.87421875 0.146875 0.14453125 0.23515625
0 0.953125 0.209375 0.09375 0.3453125
0 0.81015625 0.03984375 0.15546875 0.0796875