0 0.2671875 0.565625 0.14453125 0.225
0 0.62734375 0.6125 0.12734375 0.20625
0 0.49609375 0.60625 0.13359375 0.20078125
0 0.37578125 0.509375 0.12734375 0.21015625
0 0.45703125 0.7640625 0.121875 0.18671875
0 0.5734375 0.753125 0.12578125 0.221875
0 0.646875 0.8921875 0.13125 0.20234375
0 0.74375 0.60625 0.13828125 0.184375
0 0.6515625 0.47109375 0.12734375 0.1609375
0 0.584375 0.3109375 0.10390625 0.1484375
0 0.5484375 0.4390625 0.08671875 0.17265625
0 0.48203125 0.2859375 0.11171875 0.17265625
0 0.1921875 0.43984375 0.12890625 0.20625
0 0.340625 0.66015625 0.090625 0.13203125