0 0.54453125 0.59140625 0.2234375 0.15546875
0 0.67890625 0.434375 0.22265625 0.15
0 0.46953125 0.4703125 0.20234375 0.1359375
0 0.38984375 0.38046875 0.15625 0.1171875
0 0.36171875 0.621875 0.19140625 0.11328125
0 0.49296875 0.71484375 0.18125 0.128125
0 0.834375 0.58125 0.10078125 0.06484375
0 0.93984375 0.6015625 0.1015625 0.0875
0 0.94921875 0.69140625 0.1015625 0.0828125
0 0.94296875 0.48359375 0.1140625 0.0953125
0 0.915625 0.540625 0.14453125 0.075
0 0.140625 0.940625 0.2359375 0.11875
0 0.06015625 0.67578125 0.11484375 0.075
0 0.1625 0.69296875 0.11875 0.07265625
0 0.70234375 0.5609375 0.21484375 0.16171875