0 0.528125 0.65234375 0.21875 0.13671875
0 0.46328125 0.5328125 0.17734375 0.1203125
0 0.37578125 0.45546875 0.1796875 0.1171875
0 0.31328125 0.37421875 0.16875 0.12578125
0 0.43671875 0.2921875 0.175 0.121875
0 0.56484375 0.44921875 0.2125 0.1375
0 0.6640625 0.5640625 0.23515625 0.12734375
0 0.64140625 0.7703125 0.21015625 0.1390625
0 0.7515625 0.49140625 0.2203125 0.15078125
0 0.396875 0.709375 0.171875 0.15390625
0 0.3734375 0.59765625 0.21328125 0.13671875
0 0.0640625 0.21640625 0.128125 0.1546875
0 0.04453125 0.35 0.08828125 0.16953125
0 0.66171875 0.38203125 0.19140625 0.12109375
0 0.60078125 0.91171875 0.16640625 0.134375
0 0.78203125 0.9 0.19921875 0.14453125
0 0.5 0.834375 0.21796875 0.16796875