0 0.4109375 0.4765625 0.1375 0.22734375
0 0.31796875 0.43671875 0.115625 0.2375
0 0.215625 0.73203125 0.1609375 0.2671875
0 0.0859375 0.67109375 0.17109375 0.25
0 0.071875 0.47890625 0.14375 0.2515625
0 0.46953125 0.31328125 0.16796875 0.190625
0 0.61953125 0.3421875 0.065625 0.18046875
0 0.703125 0.5015625 0.103125 0.18671875
0 0.8359375 0.61640625 0.184375 0.20390625
0 0.7078125 0.7109375 0.16015625 0.1671875
0 0.58671875 0.63125 0.134375 0.225
0 0.8328125 0.77421875 0.18671875 0.20703125
0 0.72890625 0.884375 0.16875 0.1828125