0 0.25234375 0.53203125 0.13515625 0.21015625
0 0.58984375 0.57578125 0.11953125 0.19296875
0 0.4671875 0.5703125 0.125 0.1875
0 0.35390625 0.4796875 0.11953125 0.196875
0 0.43046875 0.71796875 0.11484375 0.175
0 0.53984375 0.70703125 0.11796875 0.2078125
0 0.60859375 0.8375 0.12265625 0.1890625
0 0.69921875 0.5703125 0.1296875 0.17265625
0 0.6125 0.44375 0.11953125 0.15078125
0 0.54921875 0.29375 0.096875 0.1390625
0 0.51640625 0.41328125 0.08125 0.16171875
0 0.45390625 0.2703125 0.1046875 0.16171875
0 0.18125 0.4140625 0.12109375 0.19296875
0 0.32109375 0.6203125 0.08515625 0.1234375