0 0.503125 0.515625 0.1890625 0.17734375
0 0.31875 0.5109375 0.1890625 0.159375
0 0.5859375 0.403125 0.19765625 0.16171875
0 0.4 0.3921875 0.18046875 0.18828125
0 0.41875 0.6265625 0.18046875 0.18203125
0 0.5875 0.63359375 0.16953125 0.16953125
0 0.4390625 0.77890625 0.1828125 0.19296875
0 0.56953125 0.79375 0.140625 0.18046875
0 0.334375 0.80625 0.1546875 0.16796875
0 0.28359375 0.6578125 0.16875 0.15859375
0 0.19296875 0.5625 0.12734375 0.146875
0 0.22109375 0.40703125 0.18984375 0.153125
0 0.31796875 0.26484375 0.18359375 0.178125
0 0.48515625 0.29296875 0.15 0.16875
0 0.38046875 0.16875 0.17734375 0.16953125
0 0.14765625 0.2796875 0.18359375 0.171875