0 0.58203125 0.353125 0.10703125 0.1828125
0 0.5390625 0.53203125 0.1109375 0.18359375
0 0.478125 0.39296875 0.1109375 0.184375
0 0.41640625 0.49296875 0.13203125 0.16796875
0 0.4921875 0.628125 0.11640625 0.1859375
0 0.40390625 0.640625 0.0921875 0.16953125
0 0.2953125 0.55859375 0.128125 0.1640625
0 0.2421875 0.6125 0.06484375 0.1125
0 0.33828125 0.42890625 0.12421875 0.171875
0 0.41171875 0.33125 0.11171875 0.19296875
0 0.26875 0.38203125 0.13359375 0.14140625
0 0.51796875 0.2671875 0.10625 0.1640625
0 0.6109375 0.58046875 0.1109375 0.18984375