0 0.57578125 0.5140625 0.17265625 0.234375
0 0.56015625 0.36015625 0.16015625 0.16875
0 0.67109375 0.7078125 0.16171875 0.2421875
0 0.52578125 0.70234375 0.16484375 0.25859375
0 0.72578125 0.50234375 0.16875 0.215625
0 0.4515625 0.5375 0.1453125 0.23671875
0 0.4609375 0.384375 0.11796875 0.20234375
0 0.21953125 0.31640625 0.12734375 0.1703125
0 0.1578125 0.1890625 0.10859375 0.1703125
0 0.07890625 0.3125 0.146875 0.2609375
0 0.78671875 0.67734375 0.11875 0.19453125
0 0.64296875 0.86484375 0.1765625 0.1765625