0 0.496875 0.52109375 0.19296875 0.18203125
0 0.68515625 0.51640625 0.19296875 0.16328125
0 0.4125 0.40546875 0.20234375 0.165625
0 0.6015625 0.39453125 0.184375 0.19296875
0 0.5828125 0.634375 0.184375 0.18671875
0 0.4109375 0.64140625 0.1734375 0.1734375
0 0.56171875 0.790625 0.1875 0.19765625
0 0.42890625 0.80546875 0.14375 0.184375
0 0.66953125 0.81875 0.1578125 0.171875
0 0.72109375 0.66640625 0.171875 0.1625
0 0.8140625 0.56953125 0.13046875 0.15
0 0.78515625 0.409375 0.19375 0.15625
0 0.6859375 0.26484375 0.1875 0.1828125
0 0.515625 0.29296875 0.153125 0.17265625
0 0.621875 0.165625 0.18046875 0.1734375
0 0.86015625 0.2796875 0.1875 0.17578125