0 0.43671875 0.63828125 0.165625 0.228125
0 0.2703125 0.57734375 0.18359375 0.2109375
0 0.240625 0.80078125 0.15703125 0.2140625
0 0.646875 0.56015625 0.08984375 0.1375
0 0.73828125 0.5109375 0.11328125 0.14296875
0 0.82734375 0.57109375 0.10859375 0.1375
0 0.37109375 0.48515625 0.1671875 0.1890625
0 0.54453125 0.64921875 0.121875 0.21875
0 0.64765625 0.703125 0.10234375 0.16640625
0 0.7765625 0.75078125 0.10859375 0.14375
0 0.8546875 0.69453125 0.1140625 0.15
0 0.140625 0.70625 0.14375 0.240625
0 0.3921875 0.8234375 0.1609375 0.25390625