0 0.4328125 0.35625 0.103125 0.17578125
0 0.4734375 0.528125 0.10703125 0.1765625
0 0.53203125 0.39453125 0.10703125 0.17734375
0 0.5921875 0.490625 0.12734375 0.16171875
0 0.51875 0.6203125 0.1125 0.17890625
0 0.60390625 0.6328125 0.0890625 0.1625
0 0.70859375 0.55390625 0.1234375 0.1578125
0 0.759375 0.60546875 0.0625 0.10859375
0 0.6671875 0.42890625 0.1203125 0.16484375
0 0.596875 0.3359375 0.1078125 0.18515625
0 0.734375 0.384375 0.12890625 0.1359375
0 0.49453125 0.27421875 0.10234375 0.15703125
0 0.4046875 0.575 0.10703125 0.1828125