0 0.71953125 0.57578125 0.12734375 0.1671875
0 0.8171875 0.5171875 0.11875 0.15625
0 0.60625 0.53828125 0.103125 0.1703125
0 0.1609375 0.41796875 0.09921875 0.178125
0 0.134375 0.59140625 0.1078125 0.16640625
0 0.66875 0.41328125 0.10234375 0.14375
0 0.26171875 0.61640625 0.1140625 0.1484375
0 0.53359375 0.63984375 0.11171875 0.14765625
0 0.53046875 0.509375 0.10078125 0.1515625
0 0.77421875 0.3890625 0.10078125 0.17109375
0 0.6515625 0.68984375 0.11875 0.1859375
0 0.57890625 0.76484375 0.1 0.19140625
0 0.48515625 0.76953125 0.10546875 0.1796875
0 0.3234375 0.7296875 0.09296875 0.140625
0 0.346875 0.62421875 0.0875 0.14453125
0 0.23125 0.7421875 0.1 0.15390625
0 0.1515625 0.95625 0.1078125 0.0875
0 0.0765625 0.89296875 0.11640625 0.1515625
0 0.65 0.9390625 0.0734375 0.121875
0 0.234375 0.3859375 0.0890625 0.18984375
0 0.28671875 0.484375 0.10546875 0.12890625